  -9.91001949E-02 -0.420198470      0.346283853               2
   2.06748557       1.57140434       2.13273782E-02           2
  -2.01106858      -2.08604383      0.351655215               2
   3.07128716     -0.499915898     -0.533463299               2
 #  0.500000000    
 -0.441491932     -0.506996632      0.257517129               2
   2.44300961       1.84005296      0.118361071               2
  -2.08373094      -2.27263594      0.306154996               2
   2.99084902     -0.218767017     -0.601861417               2
 #   1.00000000    
 -0.458698511     -0.517007530      0.229033202               2
   2.17968035       1.76757240     -0.100686438               2
  -1.90189183      -2.53767896      0.537617147               2
   2.68781447     -0.378463119     -0.740414262               2
 #   1.50000000    
 -0.799835742      -8.73600617E-02  0.179020450               2
   2.49569416       1.71743500     -0.173711196               2
  -1.77925539      -2.84930658      0.424760699               2
   2.45323777     -0.688374102     -0.629215002               2
 #   2.00000000    
 -0.591493249       7.28667304E-02 -0.214177653               2
   2.28444910       1.69734824       8.25914815E-02           2
  -1.96426070      -2.70488429      0.330606103               2
   2.13751793     -0.495136499     -0.244585469               2
 #   2.50000000    
 -0.437738687      0.155133620     -0.474556506               2
   2.24355149       1.75695801     -0.271504700               2
  -2.20569348      -2.71031809      0.428285331               2
   2.35071397     -0.438417405     -0.435234964               2
 #   3.00000000    
 -0.471568704      0.429998010     -0.298856020               2
   1.91655648       1.76973045      -9.00540035E-03           2
  -2.29034948      -2.67240191      0.884001434               2
   2.33208680     -0.529937088     -0.815456033               2
 #   3.50000000    
 -0.691487491      0.500862300     -0.326915830               2
   2.12544727       1.78088462      0.383084804               2
  -2.43068385      -2.71224546      0.658238053               2
   2.24029183     -0.303707153     -0.773924291               2
 #   4.00000000    
 -0.736425996      0.549430132     -0.258488059               2
   1.73468542       2.09956217      0.459738344               2
  -2.53270769      -2.84578824      0.663593769               2
   2.30810833       6.11399971E-02 -0.740091562               2
 #   4.50000000    
 -0.698580682      0.671274483     -0.135185733               2
   1.90765893       2.26661372      0.291530669               2
  -2.68316150      -2.91018081      0.565194070               2
   2.61865401     -0.127575636     -0.530688882               2
 #   5.00000000    
 -0.826567829      0.731088638     -0.285961658               2
   2.02418852       2.42267585      0.501383066               2
  -2.54933238      -2.74058771      0.304559112               2
   2.68476725      0.208271563     -0.388721287               2
 #   5.50000000    
 -0.793626487      0.403289735     -0.600143850               2
   2.19210792       2.05949092      0.899981081               2
  -2.60724092      -3.22554302      0.174853414               2
   2.78275514      -7.86915049E-02 -0.851975560               2
 #   6.00000000    
 -0.741174042      0.173653215     -0.319814175               2
   2.05854368       2.13225007      0.607701600               2
  -2.36797929      -3.48296881      0.216315970               2
   2.96830964      0.103645653     -0.676340640               2
 #   6.50000000    
  -1.08830571      -7.29204342E-02 -0.340867609               2
   1.73358715       1.84506297      0.863564610               2
  -2.15084171      -3.26220012      0.655477464               2
   2.69465923      -3.08324900E-02  -1.00885344               2
 #   7.00000000    
 -0.931839824      0.125966176     -0.314117640               2
   1.93663490       1.91287243      0.893190861               2
  -2.10831666      -3.09370232      0.721988857               2
   2.56852889       9.55233201E-02 -0.903326392               2
 #   7.50000000    
 -0.798125744      -3.80786099E-02 -0.428413659               2
   2.36210895       1.79359436       1.15676582               2
  -2.39100814      -3.05119514      0.716771424               2
   2.60802603      0.113740385      -1.09878504               2
 #   8.00000000    
  -1.07914078       4.20771949E-02 -0.250409365               2
   2.38168716       1.85567689      0.815029323               2
  -2.41319847      -2.99941707      0.786422014               2
   2.55245996      0.409791261      -1.35011399               2
 #   8.50000000    
  -1.05776298      0.792654395     -0.358519346               2
   2.55344057       1.68196630       1.06309187               2
  -2.09154630      -2.93178415      0.606724977               2
   2.73559308      0.329527825      -1.05599332               2
 #   9.00000000    
 -0.805714905      0.772800028     -0.274008691               2
   3.01107574       1.26843464      0.845534742               2
  -1.68055153      -2.87703514      0.519528925               2
   2.86155987      -7.90409967E-02  -1.03711450               2
 #   9.50000000    
 -0.819363475      0.888763785     -0.186857417               2
   2.94483256       1.61365986      0.882669747               2
  -1.54259861      -3.12735605      0.451674461               2
   3.14667368      0.254187316      -1.21585953               2
 #   10.0000000    
 -0.735939741       1.12954748     -0.188583270               2
   3.49868298       1.59420764      0.643832266               2
  -1.63018501      -2.94204354      0.272703081               2
   3.36260176       5.76743223E-02  -1.04909194               2
 #   10.5000000    
 -0.637515903       1.05644560     -0.682985425               2
   2.87117076       1.84927475      0.528852105               2
  -1.40419555      -3.00037718      0.122178502               2
   3.53553891      0.227178171      -1.30161321               2
 #   11.0000000    
 -0.864125907      0.801075041     -0.689433098               2
   2.70145345       2.04781771      0.463696510               2
  -1.15228045      -3.30629158      0.335188299               2
   3.22445083       8.61262754E-02  -1.12296188               2
 #   11.5000000    
 -0.812232077      0.569232225     -0.630676985               2
   2.69984365       2.63183260      0.456815273               2
  -1.09511566      -3.13572431      -9.47171524E-02           2
   3.29808450      0.486331612     -0.880191863               2
 #   12.0000000    
 -0.519236803      0.124960750     -0.729558527               2
   2.79929042       2.82705069      0.543331623               2
 -0.972795486      -3.36613202     -0.151067033               2
   3.18960571      0.365882158     -0.793515980               2
 #   12.5000000    
 -0.729032815      0.473488986     -0.313394248               2
   2.95423198       2.65004683      0.244791210               2
  -1.02777421      -3.19350743     -0.427944303               2
   3.10365963      0.640229344      -1.42810309               2
 #   13.0000000    
 -0.846583009      0.440706074     -0.408288836               2
   2.98803782       2.54441047      0.579939306               2
 -0.905278862      -3.43840647     -0.324537247               2
   3.04515409      0.929013133      -1.04500532               2
 #   13.5000000    
  -1.01127517      0.761215448     -0.757157922               2
   2.97268629       2.70884800      0.521710455               2
 -0.924428463      -3.41559577     -0.383093894               2
   2.98797202       1.03393555      -1.12368703               2
 #   14.0000000    
  -1.04377520      0.508609354     -0.496788323               2
   2.97713113       2.84045029      0.435895592               2
 -0.954965711      -3.61233473     -0.224819228               2
   3.27695990       1.06153798      -1.18766701               2
 #   14.5000000    
 -0.940848947      0.363018006     -0.371463805               2
   3.08071446       2.56195259      0.570556462               2
 -0.869857967      -3.73317814     -0.127766386               2
   3.29899764       1.13701463      -1.02208948               2
 #   15.0000000    
 -0.880116403      0.610653102     -0.557674944               2
   3.13396883       2.39873505       1.02473593               2
 -0.755478084      -3.88401771      -3.60544957E-03           2
   3.59411311      0.935719132     -0.955115676               2
 #   15.5000000    
 -0.824627995      0.650429547     -0.666187584               2
   3.28594017       2.18111968      0.769098163               2
 -0.886561275      -3.60331678     -0.123795271               2
   3.42555594       1.03039968      -1.11410117               2
 #   16.0000000    
 -0.723208070      0.610192835      -1.07718992               2
   3.22094703       2.16973305      0.717681110               2
 -0.827631295      -3.76708484       4.47978154E-02           2
   2.89597416       1.35213327      -1.02553928               2
 #   16.5000000    
 -0.775914550      0.510089219      -1.26721489               2
   3.37555218       2.36554861       1.01990962               2
  -1.18513250      -4.14728403      0.113394730               2
   2.83298707       1.41278231      -1.23866677               2
 #   17.0000000    
  -1.12400544      0.343070120      -1.27103138               2
   3.31256795       2.25902629      0.843542814               2
  -1.70447779      -4.05987167       7.29458965E-03           2
   2.53424668       1.23339963      -1.35265887               2
 #   17.5000000    
  -1.16277611      0.238948584      -1.13240182               2
   3.23574972       2.35134935      0.853599727               2
  -1.99183416      -4.32040024      0.328877419               2
   2.72580266       1.44570303      -1.42199004               2
 #   18.0000000    
  -1.44668543      0.321398705      -1.06398582               2
   3.18229556       2.26984406      0.746747553               2
  -2.34501386      -3.92002487      0.544642508               2
   2.63105845       1.24780583      -1.37231648               2
 #   18.5000000    
  -1.35847580      0.358359605      -1.14164257               2
   3.03979087       2.30460048      0.794394910               2
  -2.17960596      -3.87240911      0.770870984               2
   2.77702069       1.10741830      -1.41301453               2
 #   19.0000000    
  -1.38533843      0.271414995      -1.32574260               2
   3.29123783       2.14635110      0.706819296               2
  -2.08713341      -3.81040072       1.22886813               2
   2.77989912       1.29794574      -1.16399336               2
 #   19.5000000    
  -1.26841879      0.196392596      -1.45369518               2
   3.08875060       2.28757787      0.605193019               2
  -1.99993277      -3.89734268       1.50425291               2
   2.76021409       1.05554724      -1.13495851               2
 #   20.0000000    
  -1.25390100      0.237753779      -1.74273121               2
   3.04975152       2.06533408      0.310228854               2
  -1.84342217      -4.45051384       1.42859364               2
   2.57112074       1.23137844      -1.32830191               2
 #   20.5000000    
  -1.24616385      -7.28923008E-02  -1.65831065               2
   2.87909389       1.92834496      0.196490169               2
  -2.08579826      -4.53670597       1.23230362               2
   2.75648570      0.921438992      -1.51538134               2
 #   21.0000000    
  -1.24445128     -0.233421117      -1.63636744               2
   2.61283469       1.77118552      0.464551985               2
  -2.52217150      -4.24454451       1.35723031               2
   2.60924816       1.12743425      -1.47644234               2
 #   21.5000000    
  -1.28349042     -0.314432353      -1.87508810               2
   2.59533334       1.77312219      0.748520732               2
  -2.41774154      -4.15744925       1.53081715               2
   2.21062469       1.12951159      -1.22239542               2
 #   22.0000000    
  -1.14000773     -0.386958569      -2.00046253               2
   2.77996707       1.95331800      0.947263837               2
  -2.35924482      -4.27332020       1.24955010               2
   2.27504110      0.907130301      -1.20633841               2
 #   22.5000000    
  -1.06965125     -0.528347313      -1.74381971               2
   2.69791842       2.06631732      0.898054361               2
  -2.29107976      -4.34514236       1.50742841               2
   2.22689581      0.938072979      -1.41624236               2
 #   23.0000000    
 -0.927351356     -0.329761177      -1.85567117               2
   2.67561769       2.09419751       1.20132959               2
  -2.77932429      -4.03143835       1.39296937               2
   2.39870930       1.13108742      -1.38698101               2
 #   23.5000000    
  -1.08719194     -0.469970018      -1.79844427               2
   2.65508747       2.04832959      0.966916859               2
  -3.01842308      -4.18361330       1.66078377               2
   1.97092116       1.04527271      -1.45516765               2
 #   24.0000000    
  -1.13653314     -0.562618434      -1.45093572               2
   2.74354100       1.89852202      0.642832696               2
  -3.24291801      -3.90003371       1.64557934               2
   1.82964694      0.811937511      -1.09302139               2
 #   24.5000000    
  -1.11578035     -0.701670825      -1.15403140               2
   3.30680323       1.98386741      0.591127455               2
  -3.31192470      -4.10250807       1.87104046               2
   1.49503875       1.03550220      -1.01003683               2
 #   25.0000000    
  -1.00593245     -0.873677433     -0.918532729               2
   3.43396783       1.99367666      0.867833734               2
  -3.22139025      -3.94935203       1.78732979               2
   1.43642282      0.276558459     -0.779679537               2
 #   25.5000000    
  -1.03463745      -1.38008821     -0.653402209               2
   3.88777947       2.36008024      0.677967906               2
  -2.87979770      -3.79421973       1.79502749               2
   1.53235018      0.353559881     -0.788256764               2
 #   26.0000000    
  -1.18818092      -1.45383430     -0.664355934               2
   3.68604279       2.53310347      0.697503865               2
  -3.29002857      -3.83210135       2.13271070               2
   1.14232934      0.218442559     -0.720785439               2
 #   26.5000000    
  -1.27902293      -1.43737757     -0.862936556               2
   3.30107379       2.97338152      0.644432366               2
  -2.69537878      -3.53549814       2.12697673               2
  0.823903203       6.06719069E-02 -0.777941525               2
 #   27.0000000    
  -1.39061677      -1.36547029     -0.841937959               2
   3.01505160       2.95758176      0.514210939               2
  -2.95013356      -3.19950652       2.33797216               2
  0.610005260     -0.114300035     -0.517363310               2
 #   27.5000000    
  -1.43940067      -1.13782418      -1.12487328               2
   2.81317353       2.99422979      0.605716467               2
  -2.91606975      -3.12430954       2.01887727               2
  0.717722833     -0.163518146     -0.471979529               2
 #   28.0000000    
  -1.33639574      -1.19380283     -0.987275839               2
   3.15520287       3.08515048      0.817613006               2
  -2.70418215      -3.37493348       1.80292213               2
  0.758572996      0.223310158     -0.120436616               2
 #   28.5000000    
 -0.854529917     -0.959714949     -0.998242676               2
   2.81606841       3.22172427      0.752812266               2
  -2.72982955      -3.67879796       1.97220600               2
  0.931485593      0.656766236     -0.274054259               2
 #   29.0000000    
  -1.07380736     -0.904762030     -0.823658645               2
   2.39943957       3.31715465      0.814171255               2
  -2.37711430      -3.69827342       1.91900158               2
  0.874469995      0.597892940     -0.314648867               2
 #   29.5000000    
  -1.19183028     -0.863226354     -0.739888668               2
   2.12738848       3.62273121      0.975225627               2
  -2.20148945      -3.57178855       1.58822727               2
  0.717860579      0.551702023     -0.265394717               2
 #   30.0000000    
 -0.986189544      -1.07766020     -0.773132622               2
   2.02928257       3.95245624      0.675500810               2
  -2.43097377      -3.35904312       2.02579737               2
  0.873728335      0.640634179     -0.316966861               2
 #   30.5000000    
  -1.23514497      -1.02983856     -0.744492471               2
   2.25789905       4.10812616      0.901343167               2
  -2.40105271      -3.29118752       1.99928296               2
  0.750694752       1.03001451     -0.437482178               2
 #   31.0000000    
  -1.46293712      -1.10207534     -0.856664777               2
   2.16812062       4.05536509       1.13424695               2
  -2.58625031      -3.30357933       2.34358263               2
  0.973643839      0.798283398     -0.403676331               2
 #   31.5000000    
  -1.56876683      -1.21704602     -0.867643714               2
   2.10657501       3.95595360       1.02915990               2
  -2.52345634      -3.38379002       2.29018712               2
  0.879385591      0.443804950     -0.130650043               2
 #   32.0000000    
  -1.62937069      -1.37476337     -0.655363560               2
   1.60044491       3.34173369       1.28891134               2
  -2.44156408      -3.96947122       2.42396021               2
  0.790998757       5.48216738E-02 -0.106358118               2
 #   32.5000000    
  -1.60633528      -1.31220937     -0.568463445               2
   1.48648179       3.54954219       1.37150991               2
  -2.27282500      -4.14689445       2.35770035               2
  0.518628299      0.109620519     -0.130406141               2
 #   33.0000000    
  -1.60582495      -1.43255246     -0.749319792               2
   1.30188155       3.65016913       1.21932614               2
  -2.00832510      -4.14939499       2.50796747               2
  0.545957327      0.167469755     -0.407094926               2
 #   33.5000000    
  -1.58906364      -1.58056140      -1.04450190               2
   1.51308131       3.30941725       1.17952490               2
  -2.06519413      -4.48959064       2.74760652               2
  0.628922939     -0.276438445     -0.478192419               2
 #   34.0000000    
 -0.952391326      -1.60939872     -0.939096868               2
   1.80440938       3.54369497       1.02054250               2
  -2.01429415      -4.53012657       2.77524233               2
  0.519336343       1.20702870E-02 -0.577215135               2
 #   34.5000000    
  -1.04463267      -1.64403224     -0.790538192               2
   1.61116481       3.71481299      0.936948061               2
  -2.23708034      -4.62295008       2.41897726               2
  0.720493853      -2.91268621E-02 -0.497378707               2
 #   35.0000000    
  -1.26543272      -1.91573060     -0.736848235               2
   1.98042893       3.84600329       1.05806625               2
  -2.33360291      -4.64060259       2.66737247               2
  0.406992406      -6.38263896E-02 -0.311008304               2
 #   35.5000000    
  -1.14163661      -1.70407808     -0.492094278               2
   2.17123008       3.99000144       1.16444647               2
  -1.89009213      -4.70918083       3.03024387               2
  0.332467675       2.92478483E-02 -0.347784430               2
 #   36.0000000    
  -1.20871186      -2.06584644     -0.480575621               2
   1.93512082       3.99453449       1.15397501               2
  -1.77582455      -4.24137688       2.98052025               2
  0.405284673     -0.257522494     -0.116172008               2
 #   36.5000000    
  -1.41676605      -2.23208642     -0.828122318               2
   2.25748014       3.98279309       1.55918193               2
  -1.85072100      -4.31428289       2.84761930               2
  0.216984376      0.121327586     -0.241614565               2
 #   37.0000000    
  -1.77309704      -2.25934458     -0.973978817               2
   2.24162745       3.97588062       1.61925220               2
  -1.90588379      -4.08834171       2.87964559               2
  0.571493864      -9.95802432E-02 -0.737026513               2
 #   37.5000000    
  -1.68387425      -2.25829291     -0.903553069               2
   2.01912713       3.87381291       1.91676366               2
  -1.78802872      -4.55050468       2.85859513               2
  0.814828694      -8.59992951E-02  -1.01662040               2
 #   38.0000000    
  -1.49232066      -2.24709249      -1.17758167               2
   2.10999727       3.77874875       1.78465712               2
  -1.22187221      -4.55760479       3.25306487               2
  0.971480906      0.142848834      -1.00115502               2
 #   38.5000000    
  -1.39159596      -2.26940441      -1.27923822               2
   2.11763287       3.53975248       1.67442131               2
  -1.49782002      -4.62930012       3.15462017               2
   1.01881850      0.155676693      -1.11801660               2
 #   39.0000000    
  -1.37793100      -2.25931001      -1.57652926               2
   2.08078647       3.79700732       1.96354270               2
  -1.70204711      -4.67255402       3.33304453               2
   1.02498055      0.284748226      -1.26054490               2
 #   39.5000000    
  -1.24009585      -1.84216774      -1.71198344               2
   1.77639079       3.38641024       1.86278594               2
  -1.67542255      -5.09161758       3.29808450               2
   1.06923270      0.307215571      -1.53348255               2
 #   40.0000000    
  -1.21936071      -1.98097289      -1.55290794               2
   1.90765238       3.20249343       1.81598055               2
  -1.41845024      -4.65073299       3.59518266               2
   1.09026706      0.471053720      -1.31618774               2
 #   40.5000000    
  -1.28606272      -2.05654621      -1.51444519               2
   1.91408825       2.98494601       1.90021932               2
  -1.78186667      -4.56078577       3.69350529               2
   1.29903734      0.433668107     -0.726611435               2
 #   41.0000000    
  -1.30562079      -2.36769438      -1.06121111               2
   2.12041640       3.19003177       2.25289893               2
  -2.03968382      -4.36632729       3.56716204               2
  0.922167301      0.434631407     -0.380478323               2
 #   41.5000000    
 -0.843337655      -2.19700742     -0.819997191               2
   1.76803982       3.25091624       2.16732764               2
  -1.96968210      -4.50207949       3.60433769               2
  0.970348358      0.626043916     -0.126093104               2
 #   42.0000000    
  -1.12478876      -2.44098234     -0.392487079               2
   1.69360101       3.28252792       2.15644741               2
  -2.06922603      -4.82667065       3.43962073               2
  0.717191875      0.587194860       9.08063352E-03           2
 #   42.5000000    
  -1.56445777      -2.71252847     -0.623684049               2
   1.71855438       3.16541171       2.31410265               2
  -1.96431112      -4.80034733       3.35375953               2
  0.711675942      0.242187992      -9.98477638E-02           2
 #   43.0000000    
  -1.57484782      -2.40206480     -0.741502821               2
   1.88997424       3.12819171       1.93134177               2
  -2.27857089      -4.70559931       3.42763972               2
  0.847993374      0.317125291     -0.420148075               2
 #   43.5000000    
  -1.40943360      -2.33490276     -0.874178588               2
   1.92448616       3.35999203       1.75625539               2
  -2.67944646      -4.62307453       3.27991772               2
   1.20325053      0.779611528     -0.156074703               2
 #   44.0000000    
  -1.34035635      -2.38492465     -0.598208249               2
   1.57138705       3.69729185       2.07717466               2
  -2.71103716      -4.69909906       3.21400809               2
   1.14699805      0.941106737     -0.174970508               2
 #   44.5000000    
  -1.55061257      -2.57772636     -0.710951149               2
   1.43891919       3.64203596       2.32365489               2
  -2.66321254      -4.72544289       2.84917545               2
  0.931953073      0.872112870     -0.121883184               2
 #   45.0000000    
  -1.13152659      -2.00125194     -0.888928354               2
   1.46137857       3.88722944       2.13755441               2
  -2.55468583      -4.88090754       2.19595623               2
   1.19432616       1.29639244      0.138357058               2
 #   45.5000000    
  -1.22283089      -1.92788374      -1.13247883               2
   1.45584428       3.95810556       1.93378663               2
  -2.58629084      -5.17061329       1.96705174               2
   1.53947878       1.19255316      0.369438380               2
 #   46.0000000    
  -1.20282114      -2.04090977      -1.01776111               2
   1.64772427       4.29397869       1.79596114               2
  -2.37889862      -5.09759951       1.91380668               2
   1.39233077       1.28253031      0.697168589               2
 #   46.5000000    
  -1.17431235      -1.92393148      -1.03024268               2
   1.61662900       3.87980318       1.70689011               2
  -2.68423915      -5.08086491       1.88653100               2
   1.64729023       1.44793487      0.558081508               2
 #   47.0000000    
  -1.09147990      -1.79869688     -0.941932082               2
   1.67669928       3.86528540       1.46239865               2
  -2.86563158      -5.00213099       1.79310465               2
   1.71658003       1.28450525      0.491530329               2
 #   47.5000000    
  -1.05676723      -1.79445016     -0.855164111               2
   1.73789704       3.36302781       1.57831633               2
  -2.96403265      -4.95196199       1.88390326               2
   1.58414447       1.36722589      0.230773956               2
 #   48.0000000    
  -1.34122109      -2.00799727     -0.730489314               2
   1.66743422       3.50104117       1.49707758               2
  -2.82556796      -5.01703548       1.96955419               2
   1.21826816       1.52840471      -6.17061146E-02           2
 #   48.5000000    
  -1.29371035      -1.97568750     -0.541625917               2
   1.67943466       3.66111803       1.78033721               2
  -2.96422911      -4.97827482       1.91099739               2
   1.49091434       1.09779298      0.314807028               2
 #   49.0000000    
  -1.29832792      -2.04316759     -0.263256252               2
   1.79593611       3.63178134       1.56881630               2
  -3.34714317      -4.82735443       1.96633160               2
   1.34630060       1.21723080      0.414582789               2
 #   49.5000000    
 -0.985736430      -2.11974120     -0.320993364               2
   2.03697777       3.59696746       1.99065053               2
  -3.67408919      -4.75274563       2.13613272               2
   1.12448287       1.34627306      0.295966804               2
 #   50.0000000    
  -1.02124822      -2.15305662     -0.320933819               2
   2.17705369       3.77912283       2.15744257               2
  -3.60789871      -4.17532635       2.22756362               2
   1.10784125      0.930093467      0.150386035               2
 #   50.5000000    
 -0.940007329      -2.01030040     -0.345341980               2
   2.34248710       3.85790563       1.93328226               2
  -3.53891659      -4.24843550       2.02111006               2
   1.27831459       1.10222387      0.627747953               2
 #   51.0000000    
 -0.828070045      -2.29246497     -0.116977632               2
   2.30033684       3.66210771       1.78906238               2
  -3.82208443      -4.31688547       1.84232116               2
   1.07455301      0.897568464      0.913864732               2
 #   51.5000000    
  -1.03887427      -2.44406581      0.259281963               2
   2.54826021       4.11768770       1.73773444               2
  -3.96888280      -4.33350420       1.59486938               2
   1.29619491      0.946007371       1.12197304               2
 #   52.0000000    
 -0.753732979      -2.80270767      0.675586760               2
   2.64455271       3.75412607       1.73285317               2
  -3.97180915      -4.42027569       1.77197921               2
  0.995638192       1.10124564       1.17126417               2
 #   52.5000000    
 -0.707300365      -2.94087601      0.619803369               2
   2.78595233       3.56303716       1.48173678               2
  -4.14113283      -4.13385677       2.14046025               2
  0.746151388       1.25987530       1.07820392               2
 #   53.0000000    
 -0.832769334      -3.09464169      0.365877777               2
   2.53562951       3.90744615       1.40182745               2
  -4.18255901      -3.98063564       2.34878969               2
  0.930323482       1.16866016      0.765212357               2
 #   53.5000000    
  -1.00299060      -2.84678602     -0.266628981               2
   2.49979234       3.76152372       1.86222208               2
  -4.50339270      -3.99564743       2.34694076               2
  0.812414706      0.969399035      0.632779956               2
 #   54.0000000    
  -1.04534042      -3.22519875     -0.479154468               2
   2.15152669       4.00979090       1.66871035               2
  -4.50993061      -3.79702616       2.27171707               2
  0.736715555      0.957570434      0.640299201               2
 #   54.5000000    
 -0.991418123      -3.47480750     -0.418770552               2
   2.09026575       3.82966256       1.64893281               2
  -4.65584612      -4.22298241       2.66642094               2
  0.983947337      0.834968746      0.285282850               2
 #   55.0000000    
 -0.720723987      -3.45228505     -0.107376814               2
   2.13715005       3.82098532       2.00413942               2
  -4.55061769      -4.28596306       2.37305021               2
  0.920603514      0.864903450      0.399018586               2
 #   55.5000000    
 -0.573443890      -3.31169319     -0.337159991               2
   2.35688162       3.70936418       1.85201275               2
  -4.22162342      -4.22137260       1.80479836               2
   1.06914508       1.09722352      0.355381280               2
 #   56.0000000    
 -0.681450188      -3.30679989     -0.230713069               2
   2.21304059       4.15382528       1.68016565               2
  -4.45956278      -4.11008453       1.67266417               2
  0.869581997       1.35631955      0.232166424               2
 #   56.5000000    
 -0.459364921      -3.37276888     -0.435227513               2
   2.37573504       4.28419542       1.71893644               2
  -4.35186672      -3.53366137       1.64317942               2
   1.25707924       1.29018176      0.456229270               2
 #   57.0000000    
 -0.386632144      -3.22565484     -0.317410499               2
   1.90164340       4.09520340       1.77856064               2
  -4.49564695      -3.25151634       1.51700056               2
  0.831639826       1.34887052      0.284044445               2
 #   57.5000000    
 -0.691637337      -3.26278782     -0.246899232               2
   1.93441224       4.19326305       1.89084172               2
  -4.93140364      -3.15005231       1.34121561               2
  0.676101625       1.47968626      0.356002033               2
 #   58.0000000    
 -0.940908611      -3.29018712     -0.366745383               2
   2.05337310       4.22187281       2.00901365               2
  -4.97845173      -3.11513877       1.47958851               2
  0.616707683       1.42913365      0.713751018               2
 #   58.5000000    
 -0.595857561      -3.35109210     -0.420192689               2
   2.24885702       4.24425316       2.15284657               2
  -4.41290379      -2.88596463       1.29319608               2
  0.841364086       1.15265119      0.678084970               2
 #   59.0000000    
 -0.212145105      -3.07865620     -0.725013256               2
   2.16062593       4.12855721       2.30337429               2
  -4.60808372      -2.75186157       1.51455116               2
  0.685236096       1.16728270      0.820651948               2
 #   59.5000000    
  -3.57738771E-02  -3.08462167     -0.246955082               2
   2.24536705       3.64725590       2.17350936               2
  -4.57195234      -2.64850688       1.40345228               2
  0.813228130       1.35249031      0.913208842               2
 #   60.0000000    
 -0.210836589      -2.71200204     -0.265687734               2
   2.39848590       3.49484277       2.33659840               2
  -4.91210842      -2.40822530       1.07249343               2
  0.884635687       1.54909289      0.845658720               2
 #   60.5000000    
 -0.269990712      -2.18957114      -9.07534435E-02           2
   1.99272346       3.45358467       2.37524128               2
  -5.23657513      -2.55090857       1.29061401               2
  0.712583184       1.95578825      0.869586051               2
 #   61.0000000    
 -0.346641630      -1.97706378     -0.151364803               2
   2.13268471       2.90892506       2.12619257               2
  -5.21991968      -2.42635274       1.22393239               2
  0.593295038       2.10236645      0.642124295               2
 #   61.5000000    
 -0.288025051      -2.36686921     -0.281846821               2
   1.87185144       3.14888835       1.89123833               2
  -5.23640537      -2.41759729       1.08018923               2
  0.210957125       2.41565228      0.395477057               2
 #   62.0000000    
 -0.701007366      -2.24537683      -6.08079731E-02           2
   2.08656740       2.99846268       1.79474425               2
  -5.51789427      -2.51762462       1.09140325               2
  0.165152043       2.18899417      0.246179804               2
 #   62.5000000    
 -0.839936674      -2.25051785       7.69192651E-02           2
   2.25077868       3.17129636       2.33560061               2
  -5.50353289      -1.97541344       1.16818416               2
  0.167612970       2.38032603      0.526910722               2
 #   63.0000000    
 -0.706721127      -2.27336884      -1.16698416E-02           2
   1.93048382       2.92783833       2.17798924               2
  -5.70454216      -1.90286863       1.10204279               2
  -7.19597563E-02   2.38087153      0.563214481               2
 #   63.5000000    
 -0.640684009      -1.82811844      0.118629187               2
   1.99875569       2.91908741       1.92981780               2
  -5.82005787      -2.04397297      0.914710343               2
 -0.537611246       2.63341618      0.667712212               2
 #   64.0000000    
 -0.573505878      -1.69021440      -7.72257298E-02           2
   2.15935612       2.79621077       2.24091792               2
  -5.85993528      -2.31897044      0.960183918               2
 -0.377639771       2.85622978      0.783978462               2
 #   64.5000000    
 -0.495894581      -1.72375035      0.120698974               2
   2.06635380       2.34941411       2.29871035               2
  -5.88963461      -2.61495566       1.02501798               2
 -0.400763661       2.70730901      0.273347795               2
 #   65.0000000    
 -0.199428663      -1.70674539     -0.166692242               2
   2.24016857       2.47980309       2.36974120               2
  -5.60118723      -2.87409544       1.15771925               2
 -0.319144458       2.81951833      0.496688038               2
 #   65.5000000    
 -0.345704973      -1.90364552     -0.171284437               2
   2.06531096       2.70054650       2.08103967               2
  -5.98954344      -2.91677022       1.46570051               2
 -0.404047757       2.69549656      0.443004191               2
 #   66.0000000    
 -0.126552194      -1.53004873      -4.84799873E-03           2
   1.99656093       2.77487540       1.85480249               2
  -6.04586744      -2.95226288       1.01631176               2
 -0.589074314       2.42465472      0.265415668               2
 #   66.5000000    
 -0.408041984      -1.20866525      -3.80901359E-02           2
   1.95194542       3.13226795       1.92095804               2
  -6.27660894      -3.04998612      0.770578444               2
 -0.298999637       2.77004480       3.40913213E-03           2
 #   67.0000000    
 -0.421258777      -1.40506315      0.256014019               2
   1.88013339       2.99101758       1.79146373               2
  -6.57170200      -2.92047262      0.726489902               2
 -0.310205966       2.46285319      0.190631673               2
 #   67.5000000    
 -0.363606185      -1.66242242     -0.198927581               2
   1.79051840       2.71112800       1.69534123               2
  -6.89556599      -2.82804251      0.903174162               2
  0.163415223       2.50505519      0.183770791               2
 #   68.0000000    
 -0.565686166      -1.59215283     -0.541524529               2
   2.17834926       3.10482049       1.75680220               2
  -6.87230110      -2.91722441       1.05466533               2
  0.461411744       2.59150076       5.81029765E-02           2
 #   68.5000000    
 -0.870908976      -1.63558662     -0.374669462               2
   1.81516135       3.31431007       1.35776043               2
  -6.91569424      -2.97657847      0.873564661               2
  0.369314045       2.18957305       5.54680564E-02           2
 #   69.0000000    
 -0.985335827      -2.11057663     -0.331101626               2
   1.60333216       3.04132986       1.38766873               2
  -7.26817369      -2.83805609      0.983753324               2
  0.564023316       1.87858129     -0.159741625               2
 #   69.5000000    
  -1.12702036      -2.37889218     -0.356470317               2
   1.22420311       3.08585000       1.61111891               2
  -6.94139242      -2.80007052       1.02130127               2
  0.267503858       1.66704178      0.129202485               2
 #   70.0000000    
 -0.806228995      -2.39918709     -0.201853529               2
  0.913918555       3.19688845       1.40648687               2
  -6.30526733      -3.56706572       1.58739364               2
  0.154789522       1.93187809      -4.25283052E-03           2
 #   70.5000000    
 -0.665316045      -2.21318936     -0.184067562               2
  0.794895589       3.22964478       1.34675586               2
  -6.45655060      -3.84505916       1.52468812               2
  -1.74655877E-02   1.83172762      -5.72085604E-02           2
 #   71.0000000    
 -0.773529351      -2.00489044      -6.06931094E-03           2
  0.786507487       3.34977913       1.40809250               2
  -6.35347128      -3.56018186       1.59073305               2
 -0.232556835       1.62931991      0.111191459               2
 #   71.5000000    
 -0.669527829      -2.76795316     -0.200440973               2
  0.642252147       3.50639820       1.78157091               2
  -6.45350981      -3.67825174       1.53069460               2
  -6.87596351E-02   1.67588186      0.234979123               2
 #   72.0000000    
 -0.646343291      -2.86719012       5.84982447E-02           2
  0.638467073       3.29833174       1.85158360               2
  -6.33390141      -3.39898539       1.26052976               2
 -0.233279765       1.88917696      0.263740689               2
 #   72.5000000    
 -0.608151078      -2.86791062       8.86761546E-02           2
  0.843055129       3.10449934       2.02592587               2
  -6.13016462      -3.37217140      0.966222584               2
 -0.196080267       1.51179874       8.29749405E-02           2
 #   73.0000000    
 -0.711313307      -2.74279094      0.180453748               2
  0.936364830       3.34180737       1.91561496               2
  -6.00984573      -3.09824014      0.935522318               2
 -0.108230986       1.49908769      0.103236742               2
 #   73.5000000    
 -0.681155682      -2.52526069      0.126806945               2
   1.21540689       3.22975111       1.77911246               2
  -6.06037474      -3.27464819      0.842001379               2
  0.265703529       1.45984137     -0.302715033               2
 #   74.0000000    
 -0.733924091      -2.78182054      0.428183973               2
   1.16386521       2.92204118       1.73373556               2
  -6.05583858      -3.22198677      0.740519166               2
  -2.55521685E-02   1.49115896     -0.660625041               2
 #   74.5000000    
 -0.248643920      -2.63429308      0.321752727               2
   1.12155688       3.25395823       1.96150935               2
  -5.80241108      -2.84785366      0.628104866               2
 -0.169356301       1.40004945     -0.676272094               2
 #   75.0000000    
