0.876755 0.479395 14.966679 3
0.876755 0.479395 -14.966679 2
0.069577 0.996834 14.966679 3
0.069577 0.996834 -14.966679 2
-0.801657 0.596545 14.966679 3
-0.801657 0.596545 -14.966679 2
-0.934851 -0.352950 14.966679 3
-0.934851 -0.352950 -14.966679 2
-0.207381 -0.977503 14.966679 3
-0.207381 -0.977503 -14.966679 2
0.711013 -0.702126 14.966679 3
0.711013 -0.702126 -14.966679 2
1.994079 0.000000 14.866864 3
1.994079 0.000000 -14.866864 2
1.748548 0.958609 14.866864 3
1.748548 0.958609 -14.866864 2
1.072419 1.681151 14.866864 3
1.072419 1.681151 -14.866864 2
0.132196 1.989693 14.866864 3
0.132196 1.989693 -14.866864 2
-0.840582 1.808252 14.866864 3
-0.840582 1.808252 -14.866864 2
-1.606358 1.181511 14.866864 3
-1.606358 1.181511 -14.866864 2
-1.976552 0.263810 14.866864 3
-1.976552 0.263810 -14.866864 2
-1.860000 -0.718856 14.866864 3
-1.860000 -0.718856 -14.866864 2
-1.285404 -1.524496 14.866864 3
-1.285404 -1.524496 -14.866864 2
-0.394264 -1.954714 14.866864 3
-0.394264 -1.954714 -14.866864 2
0.593967 -1.903564 14.866864 3
0.593967 -1.903564 -14.866864 2
1.435928 -1.383642 14.866864 3
1.435928 -1.383642 -14.866864 2
1.924277 -0.522984 14.866864 3
1.924277 -0.522984 -14.866864 2
2.938193 0.497657 14.700998 3
2.938193 0.497657 -14.700998 2
2.610432 1.437458 14.700998 3
2.610432 1.437458 -14.700998 2
1.991473 2.216907 14.700998 3
1.991473 2.216907 -14.700998 2
1.150361 2.749056 14.700998 3
1.150361 2.749056 -14.700998 2
0.180925 2.974543 14.700998 3
0.180925 2.974543 -14.700998 2
-0.808694 2.868214 14.700998 3
-0.808694 2.868214 -14.700998 2
-1.708102 2.441931 14.700998 3
-1.708102 2.441931 -14.700998 2
-2.416968 1.743246 14.700998 3
-2.416968 1.743246 -14.700998 2
-2.856216 0.850099 14.700998 3
-2.856216 0.850099 -14.700998 2
-2.976849 -0.137879 14.700998 3
-2.976849 -0.137879 -14.700998 2
-2.765408 -1.110476 14.700998 3
-2.765408 -1.110476 -14.700998 2
-2.245481 -1.959197 14.700998 3
-2.245481 -1.959197 -14.700998 2
-1.475066 -2.589366 14.700998 3
-1.475066 -2.589366 -14.700998 2
-0.540105 -2.930687 14.700998 3
-0.540105 -2.930687 -14.700998 2
0.455106 -2.945084 14.700998 3
0.455106 -2.945084 -14.700998 2
1.399549 -2.630951 14.700998 3
1.399549 -2.630951 -14.700998 2
2.187870 -2.023331 14.700998 3
2.187870 -2.023331 -14.700998 2
2.732129 -1.190004 14.700998 3
2.732129 -1.190004 -14.700998 2
2.971615 -0.223930 14.700998 3
2.971615 -0.223930 -14.700998 2
3.952761 0.000000 14.469820 3
3.952761 0.000000 -14.469820 2
3.826941 0.989367 14.469820 3
3.826941 0.989367 -14.469820 2
3.457489 1.915749 14.469820 3
3.457489 1.915749 -14.469820 2
2.867926 2.720170 14.469820 3
2.867926 2.720170 -14.469820 2
2.095784 3.351419 14.469820 3
2.095784 3.351419 -14.469820 2
1.190221 3.769310 14.469820 3
1.190221 3.769310 -14.469820 2
0.208885 3.947238 14.469820 3
0.208885 3.947238 -14.469820 2
-0.785749 3.873877 14.469820 3
-0.785749 3.873877 -14.469820 2
-1.730359 3.553896 14.469820 3
-1.730359 3.553896 -14.469820 2
-2.564812 3.007667 14.469820 3
-2.564812 3.007667 -14.469820 2
-3.235983 2.269964 14.469820 3
-3.235983 2.269964 -14.469820 2
-3.701145 1.387749 14.469820 3
-3.701145 1.387749 -14.469820 2
-3.930684 0.417188 14.469820 3
-3.930684 0.417188 -14.469820 2
-3.909987 -0.579932 14.469820 3
-3.909987 -0.579932 -14.469820 2
-3.640373 -1.540132 14.469820 3
-3.640373 -1.540132 -14.469820 2
-3.139004 -2.402285 14.469820 3
-3.139004 -2.402285 -14.469820 2
-2.437799 -3.111503 14.469820 3
-2.437799 -3.111503 -14.469820 2
-1.581399 -3.622637 14.469820 3
-1.581399 -3.622637 -14.469820 2
-0.624323 -3.903145 14.469820 3
-0.624323 -3.903145 -14.469820 2
0.372498 -3.935170 14.469820 3
0.372498 -3.935170 -14.469820 2
1.345606 -3.716674 14.469820 3
1.345606 -3.716674 -14.469820 2
2.233049 -3.261566 14.469820 3
2.233049 -3.261566 -14.469820 2
2.978332 -2.598819 14.469820 3
2.978332 -2.598819 -14.469820 2
3.534007 -1.770626 14.469820 3
3.534007 -1.770626 -14.469820 2
3.864699 -0.829711 14.469820 3
3.864699 -0.829711 -14.469820 2
4.882473 0.499136 14.174355 3
4.882473 0.499136 -14.174355 2
4.680478 1.476757 14.174355 3
4.680478 1.476757 -14.174355 2
4.284844 2.393282 14.174355 3
4.284844 2.393282 -14.174355 2
3.711939 3.210793 14.174355 3
3.711939 3.210793 -14.174355 2
2.985465 3.895469 14.174355 3
2.985465 3.895469 -14.174355 2
2.135478 4.418984 14.174355 3
2.135478 4.418984 -14.174355 2
1.197143 4.759678 14.174355 3
1.197143 4.759678 -14.174355 2
0.209280 4.903457 14.174355 3
0.209280 4.903457 -14.174355 2
-0.787241 4.844372 14.174355 3
-0.787241 4.844372 -14.174355 2
-1.751193 4.584867 14.174355 3
-1.751193 4.584867 -14.174355 2
-2.642695 4.135680 14.174355 3
-2.642695 4.135680 -14.174355 2
-3.424865 3.515393 14.174355 3
-3.424865 3.515393 -14.174355 2
-4.065342 2.749668 14.174355 3
-4.065342 2.749668 -14.174355 2
-4.537630 1.870186 14.174355 3
-4.537630 1.870186 -14.174355 2
-4.822189 0.913331 14.174355 3
-4.822189 0.913331 -14.174355 2
-4.907247 -0.081310 14.174355 3
-4.907247 -0.081310 -14.174355 2
-4.789284 -1.072587 14.174355 3
-4.789284 -1.072587 -14.174355 2
-4.473181 -2.019489 14.174355 3
-4.473181 -2.019489 -14.174355 2
-3.972015 -2.882842 14.174355 3
-3.972015 -2.882842 -14.174355 2
-3.306521 -3.626927 14.174355 3
-3.306521 -3.626927 -14.174355 2
-2.504231 -4.220961 14.174355 3
-2.504231 -4.220961 -14.174355 2
-1.598336 -4.640367 14.174355 3
-1.598336 -4.640367 -14.174355 2
-0.626315 -4.867794 14.174355 3
-0.626315 -4.867794 -14.174355 2
0.371617 -4.893831 14.174355 3
0.371617 -4.893831 -14.174355 2
1.354176 -4.717403 14.174355 3
1.354176 -4.717403 -14.174355 2
2.280709 -4.345809 14.174355 3
2.280709 -4.345809 -14.174355 2
3.112886 -3.794420 14.174355 3
3.112886 -3.794420 -14.174355 2
3.816278 -3.086050 14.174355 3
3.816278 -3.086050 -14.174355 2
4.361784 -2.250006 14.174355 3
4.361784 -2.250006 -14.174355 2
4.726836 -1.320874 14.174355 3
4.726836 -1.320874 -14.174355 2
4.896330 -0.337096 14.174355 3
4.896330 -0.337096 -14.174355 2
5.841275 0.000000 13.815915 3
5.841275 0.000000 -13.815915 2
5.755887 0.995122 13.815915 3
5.755887 0.995122 -13.815915 2
5.502216 1.961151 13.815915 3
5.502216 1.961151 -13.815915 2
5.087681 2.869843 13.815915 3
5.087681 2.869843 -13.815915 2
4.524400 3.694631 13.815915 3
4.524400 3.694631 -13.815915 2
3.828843 4.411401 13.815915 3
3.828843 4.411401 -13.815915 2
3.021344 4.999198 13.815915 3
3.021344 4.999198 -13.815915 2
2.125511 5.440836 13.815915 3
2.125511 5.440836 -13.815915 2
1.167537 5.723404 13.815915 3
1.167537 5.723404 -13.815915 2
0.175427 5.838640 13.815915 3
0.175427 5.838640 -13.815915 2
-0.821811 5.783176 13.815915 3
-0.821811 5.783176 -13.815915 2
-1.795022 5.558632 13.815915 3
-1.795022 5.558632 -13.815915 2
-2.715753 5.171575 13.815915 3
-2.715753 5.171575 -13.815915 2
-3.557086 4.633318 13.815915 3
-3.557086 4.633318 -13.815915 2
-4.294422 3.959601 13.815915 3
-4.294422 3.959601 -13.815915 2
-4.906205 3.170119 13.815915 3
-4.906205 3.170119 -13.815915 2
-5.374548 2.287954 13.815915 3
-5.374548 2.287954 -13.815915 2
-5.685759 1.338897 13.815915 3
-5.685759 1.338897 -13.815915 2
-5.830738 0.350696 13.815915 3
-5.830738 0.350696 -13.815915 2
-5.805248 -0.647758 13.815915 3
-5.805248 -0.647758 -13.815915 2
-5.610034 -1.627274 13.815915 3
-5.610034 -1.627274 -13.815915 2
-5.250802 -2.559214 13.815915 3
-5.250802 -2.559214 -13.815915 2
-4.738056 -3.416332 13.815915 3
-4.738056 -3.416332 -13.815915 2
-4.086786 -4.173569 13.815915 3
-4.086786 -4.173569 -13.815915 2
-3.316034 -4.808785 13.815915 3
-3.316034 -4.808785 -13.815915 2
-2.448333 -5.303411 13.815915 3
-2.448333 -5.303411 -13.815915 2
-1.509051 -5.642983 13.815915 3
-1.509051 -5.642983 -13.815915 2
-0.525650 -5.817576 13.815915 3
-0.525650 -5.817576 -13.815915 2
0.473119 -5.822083 13.815915 3
0.473119 -5.822083 -13.815915 2
1.458056 -5.656374 13.815915 3
1.458056 -5.656374 -13.815915 2
2.400365 -5.325293 13.815915 3
2.400365 -5.325293 -13.815915 2
3.272496 -4.838520 13.815915 3
3.272496 -4.838520 -13.815915 2
4.048950 -4.210285 13.815915 3
4.048950 -4.210285 -13.815915 2
4.707028 -3.458957 13.815915 3
4.707028 -3.458957 -13.815915 2
5.227489 -2.606502 13.815915 3
5.227489 -2.606502 -13.815915 2
5.595118 -1.677842 13.815915 3
5.595118 -1.677842 -13.815915 2
5.799165 -0.700127 13.815915 3
5.799165 -0.700127 -13.815915 2
6.730165 0.499543 13.396094 3
6.730165 0.499543 -13.396094 2
6.582664 1.487680 13.396094 3
6.582664 1.487680 -13.396094 2
6.290896 2.443213 13.396094 3
6.290896 2.443213 -13.396094 2
5.861254 3.345199 13.396094 3
5.861254 3.345199 -13.396094 2
5.303155 4.173871 13.396094 3
5.303155 4.173871 -13.396094 2
4.628831 4.911067 13.396094 3
4.628831 4.911067 -13.396094 2
3.853060 5.540631 13.396094 3
3.853060 5.540631 -13.396094 2
2.992843 6.048764 13.396094 3
2.992843 6.048764 -13.396094 2
2.067035 6.424331 13.396094 3
2.067035 6.424331 -13.396094 2
1.095924 6.659100 13.396094 3
1.095924 6.659100 -13.396094 2
0.100796 6.747925 13.396094 3
0.100796 6.747925 -13.396094 2
-0.896542 6.688862 13.396094 3
-0.896542 6.688862 -13.396094 2
-1.874231 6.483202 13.396094 3
-1.874231 6.483202 -13.396094 2
-2.810845 6.135455 13.396094 3
-2.810845 6.135455 -13.396094 2
-3.685854 5.653241 13.396094 3
-3.685854 5.653241 -13.396094 2
-4.480083 5.047129 13.396094 3
-4.480083 5.047129 -13.396094 2
-5.176125 4.330403 13.396094 3
-5.176125 4.330403 -13.396094 2
-5.758725 3.518770 13.396094 3
-5.758725 3.518770 -13.396094 2
-6.215116 2.630018 13.396094 3
-6.215116 2.630018 -13.396094 2
-6.535294 1.683626 13.396094 3
-6.535294 1.683626 -13.396094 2
-6.712242 0.700336 13.396094 3
-6.712242 0.700336 -13.396094 2
-6.742082 -0.298304 13.396094 3
-6.742082 -0.298304 -13.396094 2
-6.624161 -1.290406 13.396094 3
-6.624161 -1.290406 -13.396094 2
-6.361063 -2.254227 13.396094 3
-6.361063 -2.254227 -13.396094 2
-5.958553 -3.168643 13.396094 3
-5.958553 -3.168643 -13.396094 2
-5.425454 -4.013615 13.396094 3
-5.425454 -4.013615 -13.396094 2
-4.773449 -4.770623 13.396094 3
-4.773449 -4.770623 -13.396094 2
-4.016827 -5.423077 13.396094 3
-4.016827 -5.423077 -13.396094 2
-3.172171 -5.956676 13.396094 3
-3.172171 -5.956676 -13.396094 2
-2.257993 -6.359727 13.396094 3
-2.257993 -6.359727 -13.396094 2
-1.294328 -6.623396 13.396094 3
-1.294328 -6.623396 -13.396094 2
-0.302296 -6.741904 13.396094 3
-0.302296 -6.741904 -13.396094 2
0.696361 -6.712655 13.396094 3
0.696361 -6.712655 -13.396094 2
1.679756 -6.536289 13.396094 3
1.679756 -6.536289 -13.396094 2
2.626338 -6.216672 13.396094 3
2.626338 -6.216672 -13.396094 2
3.515359 -5.760808 13.396094 3
3.515359 -5.760808 -13.396094 2
4.327337 -5.178688 13.396094 3
4.327337 -5.178688 -13.396094 2
5.044476 -4.483071 13.396094 3
5.044476 -4.483071 -13.396094 2
5.651058 -3.689201 13.396094 3
5.651058 -3.689201 -13.396094 2
6.133790 -2.814477 13.396094 3
6.133790 -2.814477 -13.396094 2
6.482091 -1.878071 13.396094 3
6.482091 -1.878071 -13.396094 2
6.688330 -0.900504 13.396094 3
6.688330 -0.900504 -13.396094 2
7.626099 0.000000 12.916758 3
7.626099 0.000000 -12.916758 2
7.560628 0.997137 12.916758 3
7.560628 0.997137 -12.916758 2
7.365341 1.977152 12.916758 3
7.365341 1.977152 -12.916758 2
7.043590 2.923220 12.916758 3
7.043590 2.923220 -12.916758 2
6.600900 3.819096 12.916758 3
6.600900 3.819096 -12.916758 2
6.044872 4.649398 12.916758 3
6.044872 4.649398 -12.916758 2
5.385053 5.399869 12.916758 3
5.385053 5.399869 -12.916758 2
4.632771 6.057624 12.916758 3
4.632771 6.057624 -12.916758 2
3.800946 6.611368 12.916758 3
3.800946 6.611368 -12.916758 2
2.903857 7.051595 12.916758 3
2.903857 7.051595 -12.916758 2
1.956908 7.370746 12.916758 3
1.956908 7.370746 -12.916758 2
0.976360 7.563339 12.916758 3
0.976360 7.563339 -12.916758 2
-0.020953 7.626070 12.916758 3
-0.020953 7.626070 -12.916758 2
-1.017906 7.557860 12.916758 3
-1.017906 7.557860 -12.916758 2
-1.997382 7.359881 12.916758 3
-1.997382 7.359881 -12.916758 2
-2.942563 7.035532 12.916758 3
-2.942563 7.035532 -12.916758 2
-3.837218 6.590382 12.916758 3
-3.837218 6.590382 -12.916758 2
-4.665988 6.032075 12.916758 3
-4.665988 6.032075 -12.916758 2
-5.414643 5.370198 12.916758 3
-5.414643 5.370198 -12.916758 2
-6.070328 4.616113 12.916758 3
-6.070328 4.616113 -12.916758 2
-6.621785 3.782769 12.916758 3
-6.621785 3.782769 -12.916758 2
-7.059546 2.884475 12.916758 3
-7.059546 2.884475 -12.916758 2
-7.376093 1.936655 12.916758 3
-7.376093 1.936655 -12.916758 2
-7.565993 0.955581 12.916758 3
-7.565993 0.955581 -12.916758 2
-7.625984 -0.041899 12.916758 3
-7.625984 -0.041899 -12.916758 2
-7.555036 -1.038660 12.916758 3
-7.555036 -1.038660 -12.916758 2
-7.354367 -2.017588 12.916758 3
-7.354367 -2.017588 -12.916758 2
-7.027424 -2.961873 12.916758 3
-7.027424 -2.961873 -12.916758 2
-6.579819 -3.855302 12.916758 3
-6.579819 -3.855302 -12.916758 2
-6.019239 -4.682536 12.916758 3
-6.019239 -4.682536 -12.916758 2
-5.355307 -5.429370 12.916758 3
-5.355307 -5.429370 -12.916758 2
-4.599425 -6.082982 12.916758 3
-4.599425 -6.082982 -12.916758 2
-3.764568 -6.632149 12.916758 3
-3.764568 -6.632149 -12.916758 2
-2.865074 -7.067442 12.916758 3
-2.865074 -7.067442 -12.916758 2
-1.916385 -7.381385 12.916758 3
-1.916385 -7.381385 -12.916758 2
-0.934792 -7.568589 12.916758 3
-0.934792 -7.568589 -12.916758 2
0.062851 -7.625840 12.916758 3
0.062851 -7.625840 -12.916758 2
1.059415 -7.552153 12.916758 3
1.059415 -7.552153 -12.916758 2
2.037789 -7.348795 12.916758 3
2.037789 -7.348795 -12.916758 2
2.981174 -7.019258 12.916758 3
2.981174 -7.019258 -12.916758 2
3.873372 -6.569199 12.916758 3
3.873372 -6.569199 -12.916758 2
4.699063 -6.006345 12.916758 3
4.699063 -6.006345 -12.916758 2
5.444071 -5.340363 12.916758 3
5.444071 -5.340363 -12.916758 2
6.095603 -4.582685 12.916758 3
6.095603 -4.582685 -12.916758 2
6.642474 -3.746321 12.916758 3
6.642474 -3.746321 -12.916758 2
7.075292 -2.845634 12.916758 3
7.075292 -2.845634 -12.916758 2
7.386626 -1.896086 12.916758 3
7.386626 -1.896086 -12.916758 2
7.571131 -0.913982 12.916758 3
7.571131 -0.913982 -12.916758 2
8.454883 0.499710 12.380034 3
8.454883 0.499710 -12.380034 2
8.337157 1.492171 12.380034 3
8.337157 1.492171 -12.380034 2
8.103344 2.463855 12.380034 3
8.103344 2.463855 -12.380034 2
7.756699 3.401232 12.380034 3
7.756699 3.401232 -12.380034 2
7.302050 4.291251 12.380034 3
7.302050 4.291251 -12.380034 2
6.745726 5.121517 12.380034 3
6.745726 5.121517 -12.380034 2
6.095474 5.880472 12.380034 3
6.095474 5.880472 -12.380034 2
5.360349 6.557547 12.380034 3
5.360349 6.557547 -12.380034 2
4.550586 7.143313 12.380034 3
4.550586 7.143313 -12.380034 2
3.677460 7.629616 12.380034 3
3.677460 7.629616 -12.380034 2
2.753130 8.009684 12.380034 3
2.753130 8.009684 -12.380034 2
1.790464 8.278224 12.380034 3
1.790464 8.278224 -12.380034 2
0.802868 8.431499 12.380034 3
0.802868 8.431499 -12.380034 2
-0.195907 8.467371 12.380034 3
-0.195907 8.467371 -12.380034 2
-1.191955 8.385345 12.380034 3
-1.191955 8.385345 -12.380034 2
-2.171405 8.186560 12.380034 3
-2.171405 8.186560 -12.380034 2
-3.120621 7.873785 12.380034 3
-3.120621 7.873785 -12.380034 2
-4.026384 7.451375 12.380034 3
-4.026384 7.451375 -12.380034 2
-4.876084 6.925212 12.380034 3
-4.876084 6.925212 -12.380034 2
-5.657889 6.302622 12.380034 3
-5.657889 6.302622 -12.380034 2
-6.360914 5.592275 12.380034 3
-6.360914 5.592275 -12.380034 2
-6.975368 4.804060 12.380034 3
-6.975368 4.804060 -12.380034 2
-7.492698 3.948954 12.380034 3
-7.492698 3.948954 -12.380034 2
-7.905699 3.038862 12.380034 3
-7.905699 3.038862 -12.380034 2
-8.208621 2.086457 12.380034 3
-8.208621 2.086457 -12.380034 2
-8.397245 1.105000 12.380034 3
-8.397245 1.105000 -12.380034 2
-8.468946 0.108157 12.380034 3
-8.468946 0.108157 -12.380034 2
-8.422727 -0.890192 12.380034 3
-8.422727 -0.890192 -12.380034 2
-8.259227 -1.876146 12.380034 3
-8.259227 -1.876146 -12.380034 2
-7.980727 -2.835976 12.380034 3
-7.980727 -2.835976 -12.380034 2
-7.591102 -3.756318 12.380034 3
-7.591102 -3.756318 -12.380034 2
-7.095779 -4.624357 12.380034 3
-7.095779 -4.624357 -12.380034 2
-6.501654 -5.428007 12.380034 3
-6.501654 -5.428007 -12.380034 2
-5.816999 -6.156076 12.380034 3
-5.816999 -6.156076 -12.380034 2
-5.051349 -6.798429 12.380034 3
-5.051349 -6.798429 -12.380034 2
-4.215364 -7.346119 12.380034 3
-4.215364 -7.346119 -12.380034 2
-3.320683 -7.791523 12.380034 3
-3.320683 -7.791523 -12.380034 2
-2.379766 -8.128436 12.380034 3
-2.379766 -8.128436 -12.380034 2
-1.405712 -8.352169 12.380034 3
-1.405712 -8.352169 -12.380034 2
-0.412085 -8.459606 12.380034 3
-0.412085 -8.459606 -12.380034 2
0.587279 -8.449252 12.380034 3
0.587279 -8.449252 -12.380034 2
1.578467 -8.321250 12.380034 3
1.578467 -8.321250 -12.380034 2
2.547676 -8.077382 12.380034 3
2.547676 -8.077382 -12.380034 2
3.481411 -7.721045 12.380034 3
3.481411 -7.721045 -12.380034 2
4.366670 -7.257200 12.380034 3
4.366670 -7.257200 -12.380034 2
5.191128 -6.692305 12.380034 3
5.191128 -6.692305 -12.380034 2
5.943305 -6.034226 12.380034 3
5.943305 -6.034226 -12.380034 2
6.612726 -5.292127 12.380034 3
6.612726 -5.292127 -12.380034 2
7.190072 -4.476340 12.380034 3
7.190072 -4.476340 -12.380034 2
7.667303 -3.598224 12.380034 3
7.667303 -3.598224 -12.380034 2
8.037775 -2.670007 12.380034 3
8.037775 -2.670007 -12.380034 2
8.296328 -1.704612 12.380034 3
8.296328 -1.704612 -12.380034 2
8.439363 -0.715482 12.380034 3
8.439363 -0.715482 -12.380034 2
9.275547 0.000000 11.788309 3
9.275547 0.000000 -11.788309 2
9.221694 0.998064 11.788309 3
9.221694 0.998064 -11.788309 2
9.060760 1.984539 11.788309 3
9.060760 1.984539 -11.788309 2
8.794615 2.947969 11.788309 3
8.794615 2.947969 -11.788309 2
8.426348 3.877168 11.788309 3
8.426348 3.877168 -11.788309 2
7.960236 4.761347 11.788309 3
7.960236 4.761347 -11.788309 2
7.401690 5.590237 11.788309 3
7.401690 5.590237 -11.788309 2
6.757198 6.354215 11.788309 3
6.757198 6.354215 -11.788309 2
6.034243 7.044409 11.788309 3
6.034243 7.044409 -11.788309 2
5.241218 7.652804 11.788309 3
5.241218 7.652804 -11.788309 2
4.387334 8.172337 11.788309 3
4.387334 8.172337 -11.788309 2
3.482505 8.596972 11.788309 3
3.482505 8.596972 -11.788309 2
2.537237 8.921782 11.788309 3
2.537237 8.921782 -11.788309 2
1.562508 9.142995 11.788309 3
1.562508 9.142995 -11.788309 2
0.569634 9.258039 11.788309 3
0.569634 9.258039 -11.788309 2
-0.429853 9.265582 11.788309 3
-0.429853 9.265582 -11.788309 2
-1.424349 9.165534 11.788309 3
-1.424349 9.165534 -11.788309 2
-2.402306 8.959057 11.788309 3
-2.402306 8.959057 -11.788309 2
-3.352368 8.648549 11.788309 3
-3.352368 8.648549 -11.788309 2
-4.263503 8.237617 11.788309 3
-4.263503 8.237617 -11.788309 2
-5.125129 7.731030 11.788309 3
-5.125129 7.731030 -11.788309 2
-5.927244 7.134673 11.788309 3
-5.927244 7.134673 -11.788309 2
-6.660533 6.455469 11.788309 3
-6.660533 6.455469 -11.788309 2
-7.316481 5.701306 11.788309 3
-7.316481 5.701306 -11.788309 2
-7.887471 4.880940 11.788309 3
-7.887471 4.880940 -11.788309 2
-8.366874 4.003898 11.788309 3
-8.366874 4.003898 -11.788309 2
-8.749123 3.080363 11.788309 3
-8.749123 3.080363 -11.788309 2
-9.029778 2.121060 11.788309 3
-9.029778 2.121060 -11.788309 2
-9.205581 1.137127 11.788309 3
-9.205581 1.137127 -11.788309 2
-9.274490 0.139991 11.788309 3
-9.274490 0.139991 -11.788309 2
-9.235707 -0.858772 11.788309 3
-9.235707 -0.858772 -11.788309 2
-9.089681 -1.847562 11.788309 3
-9.089681 -1.847562 -11.788309 2
-8.838106 -2.814899 11.788309 3
-8.838106 -2.814899 -11.788309 2
-8.483906 -3.749550 11.788309 3
-8.483906 -3.749550 -11.788309 2
-8.031192 -4.640661 11.788309 3
-8.031192 -4.640661 -11.788309 2
-7.485221 -5.477887 11.788309 3
-7.485221 -5.477887 -11.788309 2
-6.852334 -6.251504 11.788309 3
-6.852334 -6.251504 -11.788309 2
-6.139878 -6.952530 11.788309 3
-6.139878 -6.952530 -11.788309 2
-5.356126 -7.572826 11.788309 3
-5.356126 -7.572826 -11.788309 2
-4.510180 -8.105187 11.788309 3
-4.510180 -8.105187 -11.788309 2
-3.611861 -8.543432 11.788309 3
-3.611861 -8.543432 -11.788309 2
-2.671602 -8.882472 11.788309 3
-2.671602 -8.882472 -11.788309 2
-1.700322 -9.118371 11.788309 3
-1.700322 -9.118371 -11.788309 2
-0.709297 -9.248387 11.788309 3
-0.709297 -9.248387 -11.788309 2
0.289964 -9.271014 11.788309 3
0.289964 -9.271014 -11.788309 2
1.285858 -9.185987 11.788309 3
1.285858 -9.185987 -11.788309 2
2.266821 -8.994292 11.788309 3
2.266821 -8.994292 -11.788309 2
3.221462 -8.698158 11.788309 3
3.221462 -8.698158 -11.788309 2
4.138695 -8.301023 11.788309 3
4.138695 -8.301023 -11.788309 2
5.007871 -7.807497 11.788309 3
5.007871 -7.807497 -11.788309 2
5.818896 -7.223311 11.788309 3
5.818896 -7.223311 -11.788309 2
6.562353 -6.555250 11.788309 3
6.562353 -6.555250 -11.788309 2
7.229609 -5.811069 11.788309 3
7.229609 -5.811069 -11.788309 2
7.812916 -4.999412 11.788309 3
7.812916 -4.999412 -11.788309 2
8.305500 -4.129702 11.788309 3
8.305500 -4.129702 -11.788309 2
8.701643 -3.212039 11.788309 3
8.701643 -3.212039 -11.788309 2
8.996742 -2.257078 11.788309 3
8.996742 -2.257078 -11.788309 2
9.187374 -1.275908 11.788309 3
9.187374 -1.275908 -11.788309 2
9.271322 -0.279923 11.788309 3
9.271322 -0.279923 -11.788309 2
10.027801 0.499793 11.144211 3
10.027801 0.499793 -11.144211 2
9.928407 1.494426 11.144211 3
9.928407 1.494426 -11.144211 2
9.730605 2.474247 11.144211 3
9.730605 2.474247 -11.144211 2
9.436356 3.429543 11.144211 3
9.436356 3.429543 -11.144211 2
9.048575 4.350846 11.144211 3
9.048575 4.350846 -11.144211 2
8.571107 5.229025 11.144211 3
8.571107 5.229025 -11.144211 2
8.008684 6.055374 11.144211 3
8.008684 6.055374 -11.144211 2
7.366880 6.821704 11.144211 3
7.366880 6.821704 -11.144211 2
6.652058 7.520419 11.144211 3
6.652058 7.520419 -11.144211 2
5.871302 8.144593 11.144211 3
5.871302 8.144593 -11.144211 2
5.032350 8.688040 11.144211 3
5.032350 8.688040 -11.144211 2
4.143519 9.145371 11.144211 3
4.143519 9.145371 -11.144211 2
3.213618 9.512057 11.144211 3
3.213618 9.512057 -11.144211 2
2.251865 9.784461 11.144211 3
2.251865 9.784461 -11.144211 2
1.267792 9.959884 11.144211 3
1.267792 9.959884 -11.144211 2
0.271152 10.036586 11.144211 3
0.271152 10.036586 -11.144211 2
-0.728175 10.013807 11.144211 3
-0.728175 10.013807 -11.144211 2
-1.720284 9.891774 11.144211 3
-1.720284 9.891774 -11.144211 2
-2.695343 9.671696 11.144211 3
-2.695343 9.671696 -11.144211 2
-3.643686 9.355754 11.144211 3
-3.643686 9.355754 -11.144211 2
-4.555913 8.947080 11.144211 3
-4.555913 8.947080 -11.144211 2
-5.422983 8.449724 11.144211 3
-5.422983 8.449724 -11.144211 2
-6.236301 7.868616 11.144211 3
-6.236301 7.868616 -11.144211 2
-6.987807 7.209516 11.144211 3
-6.987807 7.209516 -11.144211 2
-7.670052 6.478957 11.144211 3
-7.670052 6.478957 -11.144211 2
-8.276272 5.684180 11.144211 3
-8.276272 5.684180 -11.144211 2
-8.800459 4.833063 11.144211 3
-8.800459 4.833063 -11.144211 2
-9.237418 3.934041 11.144211 3
-9.237418 3.934041 -11.144211 2
-9.582818 2.996026 11.144211 3
-9.582818 2.996026 -11.144211 2
-9.833235 2.028315 11.144211 3
-9.833235 2.028315 -11.144211 2
-9.986187 1.040500 11.144211 3
-9.986187 1.040500 -11.144211 2
-10.040158 0.042371 11.144211 3
-10.040158 0.042371 -11.144211 2
-9.994614 -0.956177 11.144211 3
-9.994614 -0.956177 -11.144211 2
-9.850004 -1.945248 11.144211 3
-9.850004 -1.945248 -11.144211 2
-9.607764 -2.915038 11.144211 3
-9.607764 -2.915038 -11.144211 2
-9.270293 -3.855935 11.144211 3
-9.270293 -3.855935 -11.144211 2
-8.840938 -4.758613 11.144211 3
-8.840938 -4.758613 -11.144211 2
-8.323953 -5.614124 11.144211 3
-8.323953 -5.614124 -11.144211 2
-7.724462 -6.413990 11.144211 3
-7.724462 -6.413990 -11.144211 2
-7.048409 -7.150281 11.144211 3
-7.048409 -7.150281 -11.144211 2
-6.302490 -7.815701 11.144211 3
-6.302490 -7.815701 -11.144211 2
-5.494103 -8.403654 11.144211 3
-5.494103 -8.403654 -11.144211 2
-4.631259 -8.908311 11.144211 3
-4.631259 -8.908311 -11.144211 2
-3.722512 -9.324671 11.144211 3
-3.722512 -9.324671 -11.144211 2
-2.776866 -9.648605 11.144211 3
-2.776866 -9.648605 -11.144211 2
-1.803698 -9.876904 11.144211 3
-1.803698 -9.876904 -11.144211 2
-0.812651 -10.007306 11.144211 3
-0.812651 -10.007306 -11.144211 2
0.186451 -10.038516 11.144211 3
0.186451 -10.038516 -11.144211 2
1.183704 -9.970226 11.144211 3
1.183704 -9.970226 -11.144211 2
2.169225 -9.803114 11.144211 3
2.169225 -9.803114 -11.144211 2
3.133245 -9.538834 11.144211 3
3.133245 -9.538834 -11.144211 2
4.066208 -9.180007 11.144211 3
4.066208 -9.180007 -11.144211 2
4.958869 -8.730188 11.144211 3
4.958869 -8.730188 -11.144211 2
5.802377 -8.193839 11.144211 3
5.802377 -8.193839 -11.144211 2
6.588374 -7.576272 11.144211 3
6.588374 -7.576272 -11.144211 2
7.309067 -6.883612 11.144211 3
7.309067 -6.883612 -11.144211 2
7.957314 -6.122722 11.144211 3
7.957314 -6.122722 -11.144211 2
8.526690 -5.301145 11.144211 3
8.526690 -5.301145 -11.144211 2
9.011551 -4.427023 11.144211 3
9.011551 -4.427023 -11.144211 2
9.407090 -3.509022 11.144211 3
9.407090 -3.509022 -11.144211 2
9.709388 -2.556239 11.144211 3
9.709388 -2.556239 -11.144211 2
9.915448 -1.578120 11.144211 3
9.915448 -1.578120 -11.144211 2
10.023228 -0.584359 11.144211 3
10.023228 -0.584359 -11.144211 2
10.760342 0.000000 10.450601 3
10.760342 0.000000 -10.450601 2
10.713908 0.998561 10.450601 3
10.713908 0.998561 -10.450601 2
10.575008 1.988504 10.450601 3
10.575008 1.988504 -10.450601 2
10.344841 2.961286 10.450601 3
10.344841 2.961286 -10.450601 2
10.025393 3.908510 10.450601 3
10.025393 3.908510 -10.450601 2
9.619420 4.822001 10.450601 3
9.619420 4.822001 -10.450601 2
9.130428 5.693877 10.450601 3
9.130428 5.693877 -10.450601 2
8.562635 6.516611 10.450601 3
8.562635 6.516611 -10.450601 2
7.920944 7.283104 10.450601 3
7.920944 7.283104 -10.450601 2
7.210890 7.986740 10.450601 3
7.210890 7.986740 -10.450601 2
6.438602 8.621447 10.450601 3
6.438602 8.621447 -10.450601 2
5.610747 9.181746 10.450601 3
5.610747 9.181746 -10.450601 2
4.734468 9.662804 10.450601 3
4.734468 9.662804 -10.450601 2
3.817327 10.060466 10.450601 3
3.817327 10.060466 -10.450601 2
2.867241 10.371301 10.450601 3
2.867241 10.371301 -10.450601 2
1.892410 10.592627 10.450601 3
1.892410 10.592627 -10.450601 2
0.901246 10.722532 10.450601 3
0.901246 10.722532 -10.450601 2
-0.097696 10.759898 10.450601 3
-0.097696 10.759898 -10.450601 2
-1.095795 10.704400 10.450601 3
-1.095795 10.704400 -10.450601 2
-2.084436 10.556519 10.450601 3
-2.084436 10.556519 -10.450601 2
-3.055088 10.317528 10.450601 3
-3.055088 10.317528 -10.450601 2
-3.999373 9.989492 10.450601 3
-3.999373 9.989492 -10.450601 2
-4.909142 9.575243 10.450601 3
-4.909142 9.575243 -10.450601 2
-5.776542 9.078354 10.450601 3
-5.776542 9.078354 -10.450601 2
-6.594088 8.503115 10.450601 3
-6.594088 8.503115 -10.450601 2
-7.354723 7.854489 10.450601 3
-7.354723 7.854489 -10.450601 2
-8.051884 7.138076 10.450601 3
-8.051884 7.138076 -10.450601 2
-8.679552 6.360057 10.450601 3
-8.679552 6.360057 -10.450601 2
-9.232312 5.527148 10.450601 3
-9.232312 5.527148 -10.450601 2
-9.705393 4.646536 10.450601 3
-9.705393 4.646536 -10.450601 2
-10.094711 3.725823 10.450601 3
-10.094711 3.725823 -10.450601 2
-10.396907 2.772954 10.450601 3
-10.396907 2.772954 -10.450601 2
-10.609372 1.796154 10.450601 3
-10.609372 1.796154 -10.450601 2
-10.730273 0.803851 10.450601 3
-10.730273 0.803851 -10.450601 2
-10.758568 -0.195389 10.450601 3
-10.758568 -0.195389 -10.450601 2
-10.694010 -1.192943 10.450601 3
-10.694010 -1.192943 -10.450601 2
-10.537157 -2.180201 10.450601 3
-10.537157 -2.180201 -10.450601 2
-10.289363 -3.148643 10.450601 3
-10.289363 -3.148643 -10.450601 2
-9.952767 -4.089911 10.450601 3
-9.952767 -4.089911 -10.450601 2
-9.530274 -4.995880 10.450601 3
-9.530274 -4.995880 -10.450601 2
-9.025531 -5.858733 10.450601 3
-9.025531 -5.858733 -10.450601 2
-8.442892 -6.671021 10.450601 3
-8.442892 -6.671021 -10.450601 2
-7.787386 -7.425736 10.450601 3
-7.787386 -7.425736 -10.450601 2
-7.064672 -8.116364 10.450601 3
-7.064672 -8.116364 -10.450601 2
-6.280987 -8.736942 10.450601 3
-6.280987 -8.736942 -10.450601 2
-5.443095 -9.282115 10.450601 3
-5.443095 -9.282115 -10.450601 2
-4.558227 -9.747180 10.450601 3
-4.558227 -9.747180 -10.450601 2
-3.634020 -10.128121 10.450601 3
-3.634020 -10.128121 -10.450601 2
-2.678449 -10.421654 10.450601 3
-2.678449 -10.421654 -10.450601 2
-1.699762 -10.625241 10.450601 3
-1.699762 -10.625241 -10.450601 2
-0.706405 -10.737129 10.450601 3
-0.706405 -10.737129 -10.450601 2
0.293048 -10.756351 10.450601 3
0.293048 -10.756351 -10.450601 2
1.289972 -10.682739 10.450601 3
1.289972 -10.682739 -10.450601 2
2.275763 -10.516932 10.450601 3
2.275763 -10.516932 -10.450601 2
3.241913 -10.260358 10.450601 3
3.241913 -10.260358 -10.450601 2
4.180084 -9.915233 10.450601 3
4.180084 -9.915233 -10.450601 2
5.082179 -9.484535 10.450601 3
5.082179 -9.484535 -10.450601 2
5.940413 -8.971981 10.450601 3
5.940413 -8.971981 -10.450601 2
6.747378 -8.381995 10.450601 3
6.747378 -8.381995 -10.450601 2
7.496110 -7.719669 10.450601 3
7.496110 -7.719669 -10.450601 2
8.180147 -6.990718 10.450601 3
8.180147 -6.990718 -10.450601 2
8.793587 -6.201434 10.450601 3
8.793587 -6.201434 -10.450601 2
9.331133 -5.358629 10.450601 3
9.331133 -5.358629 -10.450601 2
9.788147 -4.469577 10.450601 3
9.788147 -4.469577 -10.450601 2
10.160686 -3.541950 10.450601 3
10.160686 -3.541950 -10.450601 2
10.445533 -2.583755 10.450601 3
10.445533 -2.583755 -10.450601 2
10.640230 -1.603261 10.450601 3
10.640230 -1.603261 -10.450601 2
10.743098 -0.608930 10.450601 3
10.743098 -0.608930 -10.450601 2
11.421698 0.499841 9.710561 3
11.421698 0.499841 -9.710561 2
11.334368 1.495700 9.710561 3
11.334368 1.495700 -9.710561 2
11.160377 2.480124 9.710561 3
11.160377 2.480124 -9.710561 2
10.901053 3.445584 9.710561 3
10.901053 3.445584 -9.710561 2
10.558381 4.384700 9.710561 3
10.558381 4.384700 -9.710561 2
10.134980 5.290291 9.710561 3
10.134980 5.290291 -9.710561 2
9.634089 6.155432 9.710561 3
9.634089 6.155432 -9.710561 2
9.059535 6.973509 9.710561 3
9.059535 6.973509 -9.710561 2
8.415713 7.738268 9.710561 3
8.415713 7.738268 -9.710561 2
7.707545 8.443859 9.710561 3
7.707545 8.443859 -9.710561 2
6.940445 9.084890 9.710561 3
6.940445 9.084890 -9.710561 2
6.120279 9.656459 9.710561 3
6.120279 9.656459 -9.710561 2
5.253318 10.154194 9.710561 3
5.253318 10.154194 -9.710561 2
4.346189 10.574292 9.710561 3
4.346189 10.574292 -9.710561 2
3.405831 10.913539 9.710561 3
3.405831 10.913539 -9.710561 2
2.439431 11.169341 9.710561 3
2.439431 11.169341 -9.710561 2
1.454379 11.339744 9.710561 3
1.454379 11.339744 -9.710561 2
0.458208 11.423443 9.710561 3
0.458208 11.423443 -9.710561 2
-0.541467 11.419800 9.710561 3
-0.541467 11.419800 -9.710561 2
-1.537002 11.328841 9.710561 3
-1.537002 11.328841 -9.710561 2
-2.520786 11.151262 9.710561 3
-2.520786 11.151262 -9.710561 2
-3.485295 10.888422 9.710561 3
-3.485295 10.888422 -9.710561 2
-4.423156 10.542329 9.710561 3
-4.423156 10.542329 -9.710561 2
-5.327198 10.115630 9.710561 3
-5.327198 10.115630 -9.710561 2
-6.190507 9.611588 9.710561 3
-6.190507 9.611588 -9.710561 2
-7.006484 9.034058 9.710561 3
-7.006484 9.034058 -9.710561 2
-7.768890 8.387452 9.710561 3
-7.768890 8.387452 -9.710561 2
-8.471895 7.676718 9.710561 3
-8.471895 7.676718 -9.710561 2
-9.110126 6.907288 9.710561 3
-9.110126 6.907288 -9.710561 2
-9.678700 6.085044 9.710561 3
-9.678700 6.085044 -9.710561 2
-10.173273 5.216276 9.710561 3
-10.173273 5.216276 -9.710561 2
-10.590061 4.307624 9.710561 3
-10.590061 4.307624 -9.710561 2
-10.925878 3.366036 9.710561 3
-10.925878 3.366036 -9.710561 2
-11.178157 2.398712 9.710561 3
-11.178157 2.398712 -9.710561 2
-11.344969 1.413047 9.710561 3
-11.344969 1.413047 -9.710561 2
-11.425037 0.416579 9.710561 3
-11.425037 0.416579 -9.710561 2
-11.417750 -0.583075 9.710561 3
-11.417750 -0.583075 -9.710561 2
-11.323165 -1.578271 9.710561 3
-11.323165 -1.578271 -9.710561 2
-11.142004 -2.561399 9.710561 3
-11.142004 -2.561399 -9.710561 2
-10.875651 -3.524943 9.710561 3
-10.875651 -3.524943 -9.710561 2
-10.526144 -4.461535 9.710561 3
-10.526144 -4.461535 -9.710561 2
-10.096155 -5.364016 9.710561 3
-10.096155 -5.364016 -9.710561 2
-9.588971 -6.225482 9.710561 3
-9.588971 -6.225482 -9.710561 2
-9.008471 -7.039350 9.710561 3
-9.008471 -7.039350 -9.710561 2
-8.359094 -7.799396 9.710561 3
-8.359094 -7.799396 -9.710561 2
-7.645802 -8.499807 9.710561 3
-7.645802 -8.499807 -9.710561 2
-6.874050 -9.135231 9.710561 3
-6.874050 -9.135231 -9.710561 2
-6.049738 -9.700809 9.710561 3
-6.049738 -9.700809 -9.710561 2
-5.179171 -10.192213 9.710561 3
-5.179171 -10.192213 -9.710561 2
-4.269003 -10.605688 9.710561 3
-4.269003 -10.605688 -9.710561 2
-3.326196 -10.938072 9.710561 3
-3.326196 -10.938072 -9.710561 2
-2.357956 -11.186825 9.710561 3
-2.357956 -11.186825 -9.710561 2
-1.371687 -11.350043 9.710561 3
-1.371687 -11.350043 -9.710561 2
-0.374931 -11.426479 9.710561 3
-0.374931 -11.426479 -9.710561 2
0.624693 -11.415549 9.710561 3
0.624693 -11.415549 -9.710561 2
1.619540 -11.317336 9.710561 3
1.619540 -11.317336 -9.710561 2
2.602004 -11.132591 9.710561 3
2.602004 -11.132591 -9.710561 2
3.564573 -10.862727 9.710561 3
3.564573 -10.862727 -9.710561 2
4.499887 -10.509806 9.710561 3
4.499887 -10.509806 -9.710561 2
5.400796 -10.076528 9.710561 3
5.400796 -10.076528 -9.710561 2
6.260410 -9.566205 9.710561 3
6.260410 -9.566205 -9.710561 2
7.072157 -8.982739 9.710561 3
7.072157 -8.982739 -9.710561 2
7.829831 -8.330591 9.710561 3
7.829831 -8.330591 -9.710561 2
8.527638 -7.614748 9.710561 3
8.527638 -7.614748 -9.710561 2
9.160244 -6.840683 9.710561 3
9.160244 -6.840683 -9.710561 2
9.722810 -6.014315 9.710561 3
9.722810 -6.014315 -9.710561 2
10.211036 -5.141961 9.710561 3
10.211036 -5.141961 -9.710561 2
10.621188 -4.230291 9.710561 3
10.621188 -4.230291 -9.710561 2
10.950132 -3.286277 9.710561 3
10.950132 -3.286277 -9.710561 2
11.195352 -2.317137 9.710561 3
11.195352 -2.317137 -9.710561 2
11.354971 -1.330279 9.710561 3
11.354971 -1.330279 -9.710561 2
11.427772 -0.333250 9.710561 3
11.427772 -0.333250 -9.710561 2
12.054124 0.000000 8.927379 3
12.054124 0.000000 -8.927379 2
12.012669 0.998853 8.927379 3
12.012669 0.998853 -8.927379 2
11.888586 1.990836 8.927379 3
11.888586 1.990836 -8.927379 2
11.682731 2.969126 8.927379 3
11.682731 2.969126 -8.927379 2
11.396519 3.926993 8.927379 3
11.396519 3.926993 -8.927379 2
11.031918 4.857849 8.927379 3
11.031918 4.857849 -8.927379 2
10.591436 5.755291 8.927379 3
10.591436 5.755291 -8.927379 2
10.078104 6.613148 8.927379 3
10.078104 6.613148 -8.927379 2
9.495452 7.425517 8.927379 3
9.495452 7.425517 -8.927379 2
8.847487 8.186810 8.927379 3
8.847487 8.186810 -8.927379 2
8.138667 8.891794 8.927379 3
8.138667 8.891794 -8.927379 2
7.373868 9.535617 8.927379 3
7.373868 9.535617 -8.927379 2
6.558348 10.113851 8.927379 3
6.558348 10.113851 -8.927379 2
5.697719 10.622519 8.927379 3
5.697719 10.622519 -8.927379 2
4.797898 11.058123 8.927379 3
4.797898 11.058123 -8.927379 2
3.865077 11.417665 8.927379 3
3.865077 11.417665 -8.927379 2
2.905670 11.698674 8.927379 3
2.905670 11.698674 -8.927379 2
1.926278 11.899217 8.927379 3
1.926278 11.899217 -8.927379 2
0.933636 12.017913 8.927379 3
0.933636 12.017913 -8.927379 2
-0.065428 12.053946 8.927379 3
-0.065428 12.053946 -8.927379 2
-1.064042 12.007070 8.927379 3
-1.064042 12.007070 -8.927379 2
-2.055337 11.877604 8.927379 3
-2.055337 11.877604 -8.927379 2
-3.032495 11.666443 8.927379 3
-3.032495 11.666443 -8.927379 2
-3.988794 11.375035 8.927379 3
-3.988794 11.375035 -8.927379 2
-4.917658 11.005387 8.927379 3
-4.917658 11.005387 -8.927379 2
-5.812695 10.560041 8.927379 3
-5.812695 10.560041 -8.927379 2
-6.667752 10.042061 8.927379 3
-6.667752 10.042061 -8.927379 2
-7.476947 9.455008 8.927379 3
-7.476947 9.455008 -8.927379 2
-8.234713 8.802920 8.927379 3
-8.234713 8.802920 -8.927379 2
-8.935838 8.090284 8.927379 3
-8.935838 8.090284 -8.927379 2
-9.575500 7.322001 8.927379 3
-9.575500 7.322001 -8.927379 2
-10.149300 6.503355 8.927379 3
-10.149300 6.503355 -8.927379 2
-10.653289 5.639977 8.927379 3
-10.653289 5.639977 -8.927379 2
-11.084002 4.737806 8.927379 3
-11.084002 4.737806 -8.927379 2
-11.438477 3.803047 8.927379 3
-11.438477 3.803047 -8.927379 2
-11.714273 2.842129 8.927379 3
-11.714273 2.842129 -8.927379 2
-11.909497 1.861662 8.927379 3
-11.909497 1.861662 -8.927379 2
-12.022803 0.868391 8.927379 3
-12.022803 0.868391 -8.927379 2
-12.053413 -0.130854 8.927379 3
-12.053413 -0.130854 -8.927379 2
-12.001118 -1.129199 8.927379 3
-12.001118 -1.129199 -8.927379 2
-11.866274 -2.119776 8.927379 3
-11.866274 -2.119776 -8.927379 2
-11.649811 -3.095774 8.927379 3
-11.649811 -3.095774 -8.927379 2
-11.353217 -4.050478 8.927379 3
-11.353217 -4.050478 -8.927379 2
-10.978533 -4.977321 8.927379 3
-10.978533 -4.977321 -8.927379 2
-10.528335 -5.869929 8.927379 3
-10.528335 -5.869929 -8.927379 2
-10.005720 -6.722162 8.927379 3
-10.005720 -6.722162 -8.927379 2
-9.414284 -7.528158 8.927379 3
-9.414284 -7.528158 -8.927379 2
-8.758093 -8.282373 8.927379 3
-8.758093 -8.282373 -8.927379 2
-8.041662 -8.979620 8.927379 3
-8.041662 -8.979620 -8.927379 2
-7.269920 -9.615101 8.927379 3
-7.269920 -9.615101 -8.927379 2
-6.448172 -10.184448 8.927379 3
-6.448172 -10.184448 -8.927379 2
-5.582071 -10.683744 8.927379 3
-5.582071 -10.683744 -8.927379 2
-4.677575 -11.109554 8.927379 3
-4.677575 -11.109554 -8.927379 2
-3.740906 -11.458950 8.927379 3
-3.740906 -11.458950 -8.927379 2
-2.778505 -11.729527 8.927379 3
-2.778505 -11.729527 -8.927379 2
-1.796993 -11.919426 8.927379 3
-1.796993 -11.919426 -8.927379 2
-0.803121 -12.027340 8.927379 3
-0.803121 -12.027340 -8.927379 2
0.196275 -12.052526 8.927379 3
0.196275 -12.052526 -8.927379 2
1.194321 -11.994811 8.927379 3
1.194321 -11.994811 -8.927379 2
2.184152 -11.854593 8.927379 3
2.184152 -11.854593 -8.927379 2
3.158960 -11.632836 8.927379 3
3.158960 -11.632836 -8.927379 2
4.112040 -11.331065 8.927379 3
4.112040 -11.331065 -8.927379 2
5.036836 -10.951356 8.927379 3
5.036836 -10.951356 -8.927379 2
5.926988 -10.496320 8.927379 3
5.926988 -10.496320 -8.927379 2
6.776371 -9.969087 8.927379 3
6.776371 -9.969087 -8.927379 2
7.579145 -9.373284 8.927379 3
7.579145 -9.373284 -8.927379 2
8.329788 -8.713010 8.927379 3
8.329788 -8.713010 -8.927379 2
9.023136 -7.992805 8.927379 3
9.023136 -7.992805 -8.927379 2
9.654420 -7.217623 8.927379 3
9.654420 -7.217623 -8.927379 2
10.219298 -6.392796 8.927379 3
10.219298 -6.392796 -8.927379 2
10.713886 -5.523998 8.927379 3
10.713886 -5.523998 -8.927379 2
11.134780 -4.617204 8.927379 3
11.134780 -4.617204 -8.927379 2
11.479087 -3.678652 8.927379 3
11.479087 -3.678652 -8.927379 2
11.744436 -2.714797 8.927379 3
11.744436 -2.714797 -8.927379 2
11.929005 -1.732268 8.927379 3
11.929005 -1.732268 -8.927379 2
12.031522 -0.737825 8.927379 3
12.031522 -0.737825 -8.927379 2
12.612163 0.499869 8.104534 3
12.612163 0.499869 -8.104534 2
12.533040 1.496472 8.104534 3
12.533040 1.496472 -8.104534 2
12.375291 2.483686 8.104534 3
12.375291 2.483686 -8.104534 2
12.139905 3.455319 8.104534 3
12.139905 3.455319 -8.104534 2
11.828359 4.405275 8.104534 3
11.828359 4.405275 -8.104534 2
11.442607 5.327594 8.104534 3
11.442607 5.327594 -8.104534 2
10.985070 6.216490 8.104534 3
10.985070 6.216490 -8.104534 2
10.458618 7.066387 8.104534 3
10.458618 7.066387 -8.104534 2
9.866553 7.871953 8.104534 3
9.866553 7.871953 -8.104534 2
9.212591 8.628134 8.104534 3
9.212591 8.628134 -8.104534 2
8.500833 9.330186 8.104534 3
8.500833 9.330186 -8.104534 2
7.735744 9.973704 8.104534 3
7.735744 9.973704 -8.104534 2
6.922126 10.554652 8.104534 3
6.922126 10.554652 -8.104534 2
6.065081 11.069386 8.104534 3
6.065081 11.069386 -8.104534 2
5.169986 11.514676 8.104534 3
5.169986 11.514676 -8.104534 2
4.242457 11.887728 8.104534 3
4.242457 11.887728 -8.104534 2
3.288313 12.186202 8.104534 3
3.288313 12.186202 -8.104534 2
2.313540 12.408225 8.104534 3
2.313540 12.408225 -8.104534 2
1.324252 12.552405 8.104534 3
1.324252 12.552405 -8.104534 2
0.326656 12.617837 8.104534 3
0.326656 12.617837 -8.104534 2
-0.672988 12.604111 8.104534 3
-0.672988 12.604111 -8.104534 2
-1.668411 12.511312 8.104534 3
-1.668411 12.511312 -8.104534 2
-2.653367 12.340023 8.104534 3
-2.653367 12.340023 -8.104534 2
-3.621677 12.091318 8.104534 3
-3.621677 12.091318 -8.104534 2
-4.567266 11.766758 8.104534 3
-4.567266 11.766758 -8.104534 2
-5.484200 11.368380 8.104534 3
-5.484200 11.368380 -8.104534 2
-6.366730 10.898682 8.104534 3
-6.366730 10.898682 -8.104534 2
-7.209318 10.360611 8.104534 3
-7.209318 10.360611 -8.104534 2
-8.006679 9.757542 8.104534 3
-8.006679 9.757542 -8.104534 2
-8.753808 9.093259 8.104534 3
-8.753808 9.093259 -8.104534 2
-9.446021 8.371929 8.104534 3
-9.446021 8.371929 -8.104534 2
-10.078974 7.598079 8.104534 3
-10.078974 7.598079 -8.104534 2
-10.648697 6.776561 8.104534 3
-10.648697 6.776561 -8.104534 2
-11.151614 5.912530 8.104534 3
-11.151614 5.912530 -8.104534 2
-11.584572 5.011408 8.104534 3
-11.584572 5.011408 -8.104534 2
-11.944854 4.078846 8.104534 3
-11.944854 4.078846 -8.104534 2
-12.230200 3.120695 8.104534 3
-12.230200 3.120695 -8.104534 2
-12.438819 2.142967 8.104534 3
-12.438819 2.142967 -8.104534 2
-12.569403 1.151794 8.104534 3
-12.569403 1.151794 -8.104534 2
-12.621133 0.153396 8.104534 3
-12.621133 0.153396 -8.104534 2
-12.593683 -0.845965 8.104534 3
-12.593683 -0.845965 -8.104534 2
-12.487227 -1.840018 8.104534 3
-12.487227 -1.840018 -8.104534 2
-12.302433 -2.822528 8.104534 3
-12.302433 -2.822528 -8.104534 2
-12.040459 -3.787331 8.104534 3
-12.040459 -3.787331 -8.104534 2
-11.702949 -4.728374 8.104534 3
-11.702949 -4.728374 -8.104534 2
-11.292020 -5.639753 8.104534 3
-11.292020 -5.639753 -8.104534 2
-10.810250 -6.515751 8.104534 3
-10.810250 -6.515751 -8.104534 2
-10.260662 -7.350873 8.104534 3
-10.260662 -7.350873 -8.104534 2
-9.646704 -8.139878 8.104534 3
-9.646704 -8.139878 -8.104534 2
-8.972227 -8.877819 8.104534 3
-8.972227 -8.877819 -8.104534 2
-8.241460 -9.560065 8.104534 3
-8.241460 -9.560065 -8.104534 2
-7.458990 -10.182337 8.104534 3
-7.458990 -10.182337 -8.104534 2
-6.629726 -10.740728 8.104534 3
-6.629726 -10.740728 -8.104534 2
-5.758869 -11.231738 8.104534 3
-5.758869 -11.231738 -8.104534 2
-4.851884 -11.652285 8.104534 3
-4.851884 -11.652285 -8.104534 2
-3.914461 -11.999730 8.104534 3
-3.914461 -11.999730 -8.104534 2
-2.952480 -12.271894 8.104534 3
-2.952480 -12.271894 -8.104534 2
-1.971976 -12.467070 8.104534 3
-1.971976 -12.467070 -8.104534 2
-0.979101 -12.584033 8.104534 3
-0.979101 -12.584033 -8.104534 2
0.019916 -12.622049 8.104534 3
0.019916 -12.622049 -8.104534 2
1.018808 -12.580880 8.104534 3
1.018808 -12.580880 -8.104534 2
2.011309 -12.460785 8.104534 3
2.011309 -12.460785 -8.104534 2
2.991192 -12.262516 8.104534 3
2.991192 -12.262516 -8.104534 2
3.952309 -11.987317 8.104534 3
3.952309 -11.987317 -8.104534 2
4.888632 -11.636915 8.104534 3
4.888632 -11.636915 -8.104534 2
5.794285 -11.213509 8.104534 3
5.794285 -11.213509 -8.104534 2
6.663588 -10.719754 8.104534 3
6.663588 -10.719754 -8.104534 2
7.491086 -10.158748 8.104534 3
7.491086 -10.158748 -8.104534 2
8.271588 -9.534010 8.104534 3
8.271588 -9.534010 -8.104534 2
9.000198 -8.849461 8.104534 3
9.000198 -8.849461 -8.104534 2
9.672345 -8.109393 8.104534 3
9.672345 -8.109393 -8.104534 2
10.283812 -7.318451 8.104534 3
10.283812 -7.318451 -8.104534 2
10.830763 -6.481597 8.104534 3
10.830763 -6.481597 -8.104534 2
11.309766 -5.604080 8.104534 3
11.309766 -5.604080 -8.104534 2
11.717817 -4.691405 8.104534 3
11.717817 -4.691405 -8.104534 2
12.052356 -3.749298 8.104534 3
12.052356 -3.749298 -8.104534 2
12.311283 -2.783670 8.104534 3
12.311283 -2.783670 -8.104534 2
12.492975 -1.800579 8.104534 3
12.492975 -1.800579 -8.104534 2
12.596292 -0.806191 8.104534 3
12.596292 -0.806191 -8.104534 2
13.133928 0.000000 7.245683 3
13.133928 0.000000 -7.245683 2
13.095878 0.999034 7.245683 3
13.095878 0.999034 -7.245683 2
12.981945 1.992280 7.245683 3
12.981945 1.992280 -7.245683 2
12.792791 2.973981 7.245683 3
12.792791 2.973981 -7.245683 2
12.529512 3.938451 7.245683 3
12.529512 3.938451 -7.245683 2
12.193634 4.880099 7.245683 3
12.193634 4.880099 -7.245683 2
11.787102 5.793471 7.245683 3
11.787102 5.793471 -7.245683 2
11.312272 6.673275 7.245683 3
11.312272 6.673275 -7.245683 2
10.771894 7.514410 7.245683 3
10.771894 7.514410 -7.245683 2
10.169103 8.312006 7.245683 3
10.169103 8.312006 -7.245683 2
9.507387 9.061439 7.245683 3
9.507387 9.061439 -7.245683 2
8.790584 9.758368 7.245683 3
8.790584 9.758368 -7.245683 2
8.022844 10.398752 7.245683 3
8.022844 10.398752 -7.245683 2
7.208618 10.978885 7.245683 3
7.208618 10.978885 -7.245683 2
6.352623 11.495402 7.245683 3
6.352623 11.495402 -7.245683 2
5.459818 11.945312 7.245683 3
5.459818 11.945312 -7.245683 2
4.535378 12.326006 7.245683 3
4.535378 12.326006 -7.245683 2
3.584658 12.635281 7.245683 3
3.584658 12.635281 -7.245683 2
2.613168 12.871342 7.245683 3
2.613168 12.871342 -7.245683 2
1.626536 13.032823 7.245683 3
1.626536 13.032823 -7.245683 2
0.630480 13.118787 7.245683 3
0.630480 13.118787 -7.245683 2
-0.369230 13.128737 7.245683 3
-0.369230 13.128737 -7.245683 2
-1.366800 13.062616 7.245683 3
-1.366800 13.062616 -7.245683 2
-2.356451 12.920806 7.245683 3
-2.356451 12.920806 -7.245683 2
-3.332447 12.704128 7.245683 3
-3.332447 12.704128 -7.245683 2
-4.289135 12.413839 7.245683 3
-4.289135 12.413839 -7.245683 2
-5.220970 12.051620 7.245683 3
-5.220970 12.051620 -7.245683 2
-6.122552 11.619571 7.245683 3
-6.122552 11.619571 -7.245683 2
-6.988659 11.120194 7.245683 3
-6.988659 11.120194 -7.245683 2
-7.814272 10.556384 7.245683 3
-7.814272 10.556384 -7.245683 2
-8.594606 9.931406 7.245683 3
-8.594606 9.931406 -7.245683 2
-9.325141 9.248883 7.245683 3
-9.325141 9.248883 -7.245683 2
-10.001642 8.512769 7.245683 3
-10.001642 8.512769 -7.245683 2
-10.620192 7.727329 7.245683 3
-10.620192 7.727329 -7.245683 2
-11.177204 6.897115 7.245683 3
-11.177204 6.897115 -7.245683 2
-11.669452 6.026937 7.245683 3
-11.669452 6.026937 -7.245683 2
-12.094084 5.121837 7.245683 3
-12.094084 5.121837 -7.245683 2
-12.448639 4.187059 7.245683 3
-12.448639 4.187059 -7.245683 2
-12.731063 3.228021 7.245683 3
-12.731063 3.228021 -7.245683 2
-12.939719 2.250278 7.245683 3
-12.939719 2.250278 -7.245683 2
-13.073399 1.259496 7.245683 3
-13.073399 1.259496 -7.245683 2
-13.131327 0.261417 7.245683 3
-13.131327 0.261417 -7.245683 2
-13.113168 -0.738177 7.245683 3
-13.113168 -0.738177 -7.245683 2
-13.019028 -1.733495 7.245683 3
-13.019028 -1.733495 -7.245683 2
-12.849451 -2.718767 7.245683 3
-12.849451 -2.718767 -7.245683 2
-12.605420 -3.688287 7.245683 3
-12.605420 -3.688287 -7.245683 2
-12.288350 -4.636435 7.245683 3
-12.288350 -4.636435 -7.245683 2
-11.900078 -5.557718 7.245683 3
-11.900078 -5.557718 -7.245683 2
-11.442853 -6.446798 7.245683 3
-11.442853 -6.446798 -7.245683 2
-10.919324 -7.298523 7.245683 3
-10.919324 -7.298523 -7.245683 2
-10.332525 -8.107959 7.245683 3
-10.332525 -8.107959 -7.245683 2
-9.685857 -8.870415 7.245683 3
-9.685857 -8.870415 -7.245683 2
-8.983066 -9.581472 7.245683 3
-8.983066 -9.581472 -7.245683 2
-8.228224 -10.237012 7.245683 3
-8.228224 -10.237012 -7.245683 2
-7.425708 -10.833233 7.245683 3
-7.425708 -10.833233 -7.245683 2
-6.580165 -11.366684 7.245683 3
-6.580165 -11.366684 -7.245683 2
-5.696496 -11.834273 7.245683 3
-5.696496 -11.834273 -7.245683 2
-4.779819 -12.233292 7.245683 3
-4.779819 -12.233292 -7.245683 2
-3.835446 -12.561426 7.245683 3
-3.835446 -12.561426 -7.245683 2
-2.868850 -12.816777 7.245683 3
-2.868850 -12.816777 -7.245683 2
-1.885631 -12.997865 7.245683 3
-1.885631 -12.997865 -7.245683 2
-0.891486 -13.103639 7.245683 3
-0.891486 -13.103639 -7.245683 2
0.107825 -13.133486 7.245683 3
0.107825 -13.133486 -7.245683 2
1.106510 -13.087234 7.245683 3
1.106510 -13.087234 -7.245683 2
2.098784 -12.965153 7.245683 3
2.098784 -12.965153 -7.245683 2
3.078898 -12.767947 7.245683 3
3.078898 -12.767947 -7.245683 2
4.041171 -12.496760 7.245683 3
4.041171 -12.496760 -7.245683 2
4.980029 -12.153164 7.245683 3
4.980029 -12.153164 -7.245683 2
5.890031 -11.739149 7.245683 3
5.890031 -11.739149 -7.245683 2
6.765904 -11.257114 7.245683 3
6.765904 -11.257114 -7.245683 2
7.602575 -10.709852 7.245683 3
7.602575 -10.709852 -7.245683 2
8.395193 -10.100535 7.245683 3
8.395193 -10.100535 -7.245683 2
9.139168 -9.432693 7.245683 3
9.139168 -9.432693 -7.245683 2
9.830188 -8.710195 7.245683 3
9.830188 -8.710195 -7.245683 2
10.464250 -7.937227 7.245683 3
10.464250 -7.937227 -7.245683 2
11.037678 -7.118269 7.245683 3
11.037678 -7.118269 -7.245683 2
11.547151 -6.258066 7.245683 3
11.547151 -6.258066 -7.245683 2
11.989717 -5.361602 7.245683 3
11.989717 -5.361602 -7.245683 2
12.362811 -4.434072 7.245683 3
12.362811 -4.434072 -7.245683 2
12.664271 -3.480849 7.245683 3
12.664271 -3.480849 -7.245683 2
12.892352 -2.507457 7.245683 3
12.892352 -2.507457 -7.245683 2
13.045731 -1.519536 7.245683 3
13.045731 -1.519536 -7.245683 2
13.123519 -0.522811 7.245683 3
13.123519 -0.522811 -7.245683 2
13.578242 0.499887 6.354640 3
13.578242 0.499887 -6.354640 2
13.504728 1.496955 6.354640 3
13.504728 1.496955 -6.354640 2
13.358097 2.485918 6.354640 3
13.358097 2.485918 -6.354640 2
13.139144 3.461422 6.354640 3
13.139144 3.461422 -6.354640 2
12.849054 4.418186 6.354640 3
12.849054 4.418186 -6.354640 2
12.489398 5.351028 6.354640 3
12.489398 5.351028 -6.354640 2
12.062121 6.254900 6.354640 3
12.062121 6.254900 -6.354640 2
11.569540 7.124907 6.354640 3
11.569540 7.124907 -6.354640 2
11.014319 7.956338 6.354640 3
11.014319 7.956338 -6.354640 2
10.399467 8.744694 6.354640 3
10.399467 8.744694 -6.354640 2
9.728309 9.485703 6.354640 3
9.728309 9.485703 -6.354640 2
9.004480 10.175357 6.354640 3
9.004480 10.175357 -6.354640 2
8.231901 10.809919 6.354640 3
8.231901 10.809919 -6.354640 2
7.414753 11.385956 6.354640 3
7.414753 11.385956 -6.354640 2
6.557462 11.900347 6.354640 3
6.557462 11.900347 -6.354640 2
5.664666 12.350308 6.354640 3
5.664666 12.350308 -6.354640 2
4.741200 12.733404 6.354640 3
4.741200 12.733404 -6.354640 2
3.792066 13.047559 6.354640 3
3.792066 13.047559 -6.354640 2
2.822400 13.291073 6.354640 3
2.822400 13.291073 -6.354640 2
1.837454 13.462626 6.354640 3
1.837454 13.462626 -6.354640 2
0.842559 13.561293 6.354640 3
0.842559 13.561293 -6.354640 2
-0.156897 13.586535 6.354640 3
-0.156897 13.586535 -6.354640 2
-1.155504 13.538218 6.354640 3
-1.155504 13.538218 -6.354640 2
-2.147855 13.416604 6.354640 3
-2.147855 13.416604 -6.354640 2
-3.128577 13.222351 6.354640 3
-3.128577 13.222351 -6.354640 2
-4.092360 12.956510 6.354640 3
-4.092360 12.956510 -6.354640 2
-5.033988 12.620520 6.354640 3
-5.033988 12.620520 -6.354640 2
-5.948360 12.216201 6.354640 3
-5.948360 12.216201 -6.354640 2
-6.830527 11.745742 6.354640 3
-6.830527 11.745742 -6.354640 2
-7.675712 11.211690 6.354640 3
-7.675712 11.211690 -6.354640 2
-8.479341 10.616937 6.354640 3
-8.479341 10.616937 -6.354640 2
-9.237061 9.964702 6.354640 3
-9.237061 9.964702 -6.354640 2
-9.944770 9.258515 6.354640 3
-9.944770 9.258515 -6.354640 2
-10.598637 8.502203 6.354640 3
-10.598637 8.502203 -6.354640 2
-11.195121 7.699859 6.354640 3
-11.195121 7.699859 -6.354640 2
-11.730993 6.855826 6.354640 3
-11.730993 6.855826 -6.354640 2
-12.203352 5.974676 6.354640 3
-12.203352 5.974676 -6.354640 2
-12.609641 5.061177 6.354640 3
-12.609641 5.061177 -6.354640 2
-12.947659 4.120276 6.354640 3
-12.947659 4.120276 -6.354640 2
-13.215577 3.157068 6.354640 3
-13.215577 3.157068 -6.354640 2
-13.411944 2.176767 6.354640 3
-13.411944 2.176767 -6.354640 2
-13.535697 1.184680 6.354640 3
-13.535697 1.184680 -6.354640 2
-13.586165 0.186180 6.354640 3
-13.586165 0.186180 -6.354640 2
-13.563077 -0.813329 6.354640 3
-13.563077 -0.813329 -6.354640 2
-13.466556 -1.808434 6.354640 3
-13.466556 -1.808434 -6.354640 2
-13.297125 -2.793747 6.354640 3
-13.297125 -2.793747 -6.354640 2
-13.055701 -3.763936 6.354640 3
-13.055701 -3.763936 -6.354640 2
-12.743593 -4.713745 6.354640 3
-12.743593 -4.713745 -6.354640 2
-12.362489 -5.638034 6.354640 3
-12.362489 -5.638034 -6.354640 2
-11.914453 -6.531798 6.354640 3
-11.914453 -6.531798 -6.354640 2
-11.401910 -7.390197 6.354640 3
-11.401910 -7.390197 -6.354640 2
-10.827635 -8.208586 6.354640 3
-10.827635 -8.208586 -6.354640 2
-10.194738 -8.982532 6.354640 3
-10.194738 -8.982532 -6.354640 2
-9.506646 -9.707845 6.354640 3
-9.506646 -9.707845 -6.354640 2
-8.767086 -10.380595 6.354640 3
-8.767086 -10.380595 -6.354640 2
-7.980057 -10.997148 6.354640 3
-7.980057 -10.997148 -6.354640 2
-7.149823 -11.554159 6.354640 3
-7.149823 -11.554159 -6.354640 2
-6.280879 -12.048615 6.354640 3
-6.280879 -12.048615 -6.354640 2
-5.377929 -12.477838 6.354640 3
-5.377929 -12.477838 -6.354640 2
-4.445863 -12.839504 6.354640 3
-4.445863 -12.839504 -6.354640 2
-3.489726 -13.131655 6.354640 3
-3.489726 -13.131655 -6.354640 2
-2.514695 -13.352710 6.354640 3
-2.514695 -13.352710 -6.354640 2
-1.526050 -13.501472 6.354640 3
-1.526050 -13.501472 -6.354640 2
-0.529142 -13.577134 6.354640 3
-0.529142 -13.577134 -6.354640 2
0.470631 -13.579288 6.354640 3
0.470631 -13.579288 -6.354640 2
1.467856 -13.507922 6.354640 3
1.467856 -13.507922 -6.354640 2
2.457133 -13.363422 6.354640 3
2.457133 -13.363422 -6.354640 2
3.433108 -13.146571 6.354640 3
3.433108 -13.146571 -6.354640 2
4.390494 -12.858542 6.354640 3
4.390494 -12.858542 -6.354640 2
5.324111 -12.500896 6.354640 3
5.324111 -12.500896 -6.354640 2
6.228901 -12.075568 6.354640 3
6.228901 -12.075568 -6.354640 2
7.099968 -11.584861 6.354640 3
7.099968 -11.584861 -6.354640 2
7.932594 -11.031432 6.354640 3
7.932594 -11.031432 -6.354640 2
8.722273 -10.418278 6.354640 3
8.722273 -10.418278 -6.354640 2
9.464727 -9.748717 6.354640 3
9.464727 -9.748717 -6.354640 2
10.155939 -9.026376 6.354640 3
10.155939 -9.026376 -6.354640 2
10.792165 -8.255164 6.354640 3
10.792165 -8.255164 -6.354640 2
11.369960 -7.439259 6.354640 3
11.369960 -7.439259 -6.354640 2
11.886197 -6.583075 6.354640 3
11.886197 -6.583075 -6.354640 2
12.338080 -5.691250 6.354640 3
12.338080 -5.691250 -6.354640 2
12.723164 -4.768612 6.354640 3
12.723164 -4.768612 -6.354640 2
13.039362 -3.820156 6.354640 3
13.039362 -3.820156 -6.354640 2
13.284964 -2.851017 6.354640 3
13.284964 -2.851017 -6.354640 2
13.458638 -1.866443 6.354640 3
13.458638 -1.866443 -6.354640 2
13.559446 -0.871763 6.354640 3
13.559446 -0.871763 -6.354640 2
13.980587 0.000000 5.435364 3
13.980587 0.000000 -5.435364 2
13.944839 0.999148 5.435364 3
13.944839 0.999148 -5.435364 2
13.837775 1.993185 5.435364 3
13.837775 1.993185 -5.435364 2
13.659945 2.977030 5.435364 3
13.659945 2.977030 -5.435364 2
13.412258 3.945650 5.435364 3
13.412258 3.945650 -5.435364 2
13.095980 4.894092 5.435364 3
13.095980 4.894092 -5.435364 2
12.712729 5.817505 5.435364 3
12.712729 5.817505 -5.435364 2
12.264463 6.711167 5.435364 3
12.264463 6.711167 -5.435364 2
11.753477 7.570508 5.435364 3
11.753477 7.570508 -5.435364 2
11.182383 8.391134 5.435364 3
11.182383 8.391134 -5.435364 2
10.554102 9.168847 5.435364 3
10.554102 9.168847 -5.435364 2
9.871847 9.899670 5.435364 3
9.871847 9.899670 -5.435364 2
9.139107 10.579865 5.435364 3
9.139107 10.579865 -5.435364 2
8.359629 11.205956 5.435364 3
8.359629 11.205956 -5.435364 2
7.537400 11.774736 5.435364 3
7.537400 11.774736 -5.435364 2
6.676624 12.283302 5.435364 3
6.676624 12.283302 -5.435364 2
5.781704 12.729050 5.435364 3
5.781704 12.729050 -5.435364 2
4.857217 13.109701 5.435364 3
4.857217 13.109701 -5.435364 2
3.907889 13.423309 5.435364 3
3.907889 13.423309 -5.435364 2
2.938576 13.668269 5.435364 3
2.938576 13.668269 -5.435364 2
1.954236 13.843329 5.435364 3
1.954236 13.843329 -5.435364 2
0.959901 13.947595 5.435364 3
0.959901 13.947595 -5.435364 2
-0.039343 13.980532 5.435364 3
-0.039343 13.980532 -5.435364 2
-1.038385 13.941972 5.435364 3
-1.038385 13.941972 -5.435364 2
-2.032117 13.832111 5.435364 3
-2.032117 13.832111 -5.435364 2
-3.015457 13.651514 5.435364 3
-3.015457 13.651514 -5.435364 2
-3.983376 13.401102 5.435364 3
-3.983376 13.401102 -5.435364 2
-4.930923 13.082156 5.435364 3
-4.930923 13.082156 -5.435364 2
-5.853256 12.696307 5.435364 3
-5.853256 12.696307 -5.435364 2
-6.745652 12.245529 5.435364 3
-6.745652 12.245529 -5.435364 2
-7.603552 11.732127 5.435364 3
-7.603552 11.732127 -5.435364 2
-8.422566 11.158728 5.435364 3
-8.422566 11.158728 -5.435364 2
-9.198507 10.528261 5.435364 3
-9.198507 10.528261 -5.435364 2
-9.927407 9.843952 5.435364 3
-9.927407 9.843952 -5.435364 2
-10.605538 9.109302 5.435364 3
-10.605538 9.109302 -5.435364 2
-11.229431 8.328066 5.435364 3
-11.229431 8.328066 -5.435364 2
-11.795897 7.504240 5.435364 3
-11.795897 7.504240 -5.435364 2
-12.302039 6.642037 5.435364 3
-12.302039 6.642037 -5.435364 2
-12.745267 5.745867 5.435364 3
-12.745267 5.745867 -5.435364 2
-13.123316 4.820312 5.435364 3
-13.123316 4.820312 -5.435364 2
-13.434251 3.870106 5.435364 3
-13.434251 3.870106 -5.435364 2
-13.676483 2.900107 5.435364 3
-13.676483 2.900107 -5.435364 2
-13.848774 1.915278 5.435364 3
-13.848774 1.915278 -5.435364 2
-13.950241 0.920654 5.435364 3
-13.950241 0.920654 -5.435364 2
-13.980366 -0.078678 5.435364 3
-13.980366 -0.078678 -5.435364 2
-13.938995 -1.077608 5.435364 3
-13.938995 -1.077608 -5.435364 2
-13.826340 -2.071028 5.435364 3
-13.826340 -2.071028 -5.435364 2
-13.642976 -3.053855 5.435364 3
-13.642976 -3.053855 -5.435364 2
-13.389841 -4.021066 5.435364 3
-13.389841 -4.021066 -5.435364 2
-13.068231 -4.967712 5.435364 3
-13.068231 -4.967712 -5.435364 2
-12.679789 -5.888953 5.435364 3
-12.679789 -5.888953 -5.435364 2
-12.226502 -6.780078 5.435364 3
-12.226502 -6.780078 -5.435364 2
-11.710689 -7.636530 5.435364 3
-11.710689 -7.636530 -5.435364 2
-11.134986 -8.453928 5.435364 3
-11.134986 -8.453928 -5.435364 2
-10.502339 -9.228092 5.435364 3
-10.502339 -9.228092 -5.435364 2
-9.815983 -9.955064 5.435364 3
-9.815983 -9.955064 -5.435364 2
-9.079425 -10.631127 5.435364 3
-9.079425 -10.631127 -5.435364 2
-8.296433 -11.252822 5.435364 3
-8.296433 -11.252822 -5.435364 2
-7.471014 -11.816969 5.435364 3
-7.471014 -11.816969 -5.435364 2
-6.607388 -12.320683 5.435364 3
-6.607388 -12.320683 -5.435364 2
-5.709970 -12.761390 5.435364 3
-5.709970 -12.761390 -5.435364 2
-4.783351 -13.136832 5.435364 3
-4.783351 -13.136832 -5.435364 2
-3.832271 -13.445093 5.435364 3
-3.832271 -13.445093 -5.435364 2
-2.861591 -13.684594 5.435364 3
-2.861591 -13.684594 -5.435364 2
-1.876277 -13.854112 5.435364 3
-1.876277 -13.854112 -5.435364 2
-0.881368 -13.952778 5.435364 3
-0.881368 -13.952778 -5.435364 2
0.118048 -13.980089 5.435364 3
0.118048 -13.980089 -5.435364 2
1.116861 -13.935905 5.435364 3
1.116861 -13.935905 -5.435364 2
2.109962 -13.820452 5.435364 3
2.109962 -13.820452 -5.435364 2
3.092273 -13.634319 5.435364 3
3.092273 -13.634319 -5.435364 2
4.058770 -13.378461 5.435364 3
4.058770 -13.378461 -5.435364 2
5.004509 -13.054183 5.435364 3
5.004509 -13.054183 -5.435364 2
5.924656 -12.663146 5.435364 3
5.924656 -12.663146 -5.435364 2
6.814503 -12.207349 5.435364 3
6.814503 -12.207349 -5.435364 2
7.669501 -11.689122 5.435364 3
7.669501 -11.689122 -5.435364 2
8.485276 -11.111116 5.435364 3
8.485276 -11.111116 -5.435364 2
9.257657 -10.476288 5.435364 3
9.257657 -10.476288 -5.435364 2
9.982693 -9.787883 5.435364 3
9.982693 -9.787883 -5.435364 2
10.656677 -9.049422 5.435364 3
10.656677 -9.049422 -5.435364 2
11.276163 -8.264682 5.435364 3
11.276163 -8.264682 -5.435364 2
11.837981 -7.437675 5.435364 3
11.837981 -7.437675 -5.435364 2
12.339259 -6.572632 5.435364 3
12.339259 -6.572632 -5.435364 2
12.777433 -5.673976 5.435364 3
12.777433 -5.673976 -5.435364 2
13.150263 -4.746303 5.435364 3
13.150263 -4.746303 -5.435364 2
13.455842 -3.794357 5.435364 3
13.455842 -3.794357 -5.435364 2
13.692606 -2.823006 5.435364 3
13.692606 -2.823006 -5.435364 2
13.859345 -1.837219 5.435364 3
13.859345 -1.837219 -5.435364 2
13.955207 -0.842035 5.435364 3
13.955207 -0.842035 -5.435364 2
14.302887 0.499898 4.491940 3
14.302887 0.499898 -4.491940 2
14.233085 1.497255 4.491940 3
14.233085 1.497255 -4.491940 2
14.093821 2.487305 4.491940 3
14.093821 2.487305 -4.491940 2
13.885776 3.465216 4.491940 3
13.885776 3.465216 -4.491940 2
13.609962 4.426216 4.491940 3
13.609962 4.426216 -4.491940 2
13.267730 5.365615 4.491940 3
13.267730 5.365615 -4.491940 2
12.860746 6.278827 4.491940 3
12.860746 6.278827 -4.491940 2
12.390999 7.161397 4.491940 3
12.390999 7.161397 -4.491940 2
11.860780 8.009018 4.491940 3
11.860780 8.009018 -4.491940 2
11.272677 8.817553 4.491940 3
11.272677 8.817553 -4.491940 2
10.629560 9.583055 4.491940 3
10.629560 9.583055 -4.491940 2
9.934567 10.301788 4.491940 3
9.934567 10.301788 -4.491940 2
9.191092 10.970246 4.491940 3
9.191092 10.970246 -4.491940 2
8.402761 11.585167 4.491940 3
8.402761 11.585167 -4.491940 2
7.573421 12.143548 4.491940 3
7.573421 12.143548 -4.491940 2
6.707121 12.642666 4.491940 3
6.707121 12.642666 -4.491940 2
5.808088 13.080084 4.491940 3
5.808088 13.080084 -4.491940 2
4.880710 13.453667 4.491940 3
4.880710 13.453667 -4.491940 2
3.929513 13.761592 4.491940 3
3.929513 13.761592 -4.491940 2
2.959138 14.002357 4.491940 3
2.959138 14.002357 -4.491940 2
1.974322 14.174785 4.491940 3
1.974322 14.174785 -4.491940 2
0.979870 14.278036 4.491940 3
0.979870 14.278036 -4.491940 2
-0.019363 14.311607 4.491940 3
-0.019363 14.311607 -4.491940 2
-1.018502 14.275332 4.491940 3
-1.018502 14.275332 -4.491940 2
-2.012670 14.169391 4.491940 3
-2.012670 14.169391 -4.491940 2
-2.997016 13.994298 4.491940 3
-2.997016 13.994298 -4.491940 2
-3.966736 13.750909 4.491940 3
-3.966736 13.750909 -4.491940 2
-4.917097 13.440411 4.491940 3
-4.917097 13.440411 -4.491940 2
-5.843460 13.064320 4.491940 3
-5.843460 13.064320 -4.491940 2
-6.741306 12.624471 4.491940 3
-6.741306 12.624471 -4.491940 2
-7.606253 12.123011 4.491940 3
-7.606253 12.123011 -4.491940 2
-8.434078 11.562387 4.491940 3
-8.434078 11.562387 -4.491940 2
-9.220743 10.945335 4.491940 3
-9.220743 10.945335 -4.491940 2
-9.962408 10.274867 4.491940 3
-9.962408 10.274867 -4.491940 2
-10.655454 9.554255 4.491940 3
-10.655454 9.554255 -4.491940 2
-11.296497 8.787014 4.491940 3
-11.296497 8.787014 -4.491940 2
-11.882411 7.976891 4.491940 3
-11.882411 7.976891 -4.491940 2
-12.410335 7.127838 4.491940 3
-12.410335 7.127838 -4.491940 2
-12.877692 6.243999 4.491940 3
-12.877692 6.243999 -4.491940 2
-13.282203 5.329688 4.491940 3
-13.282203 5.329688 -4.491940 2
-13.621892 4.389366 4.491940 3
-13.621892 4.389366 -4.491940 2
-13.895103 3.427622 4.491940 3
-13.895103 3.427622 -4.491940 2
-14.100501 2.449151 4.491940 3
-14.100501 2.449151 -4.491940 2
-14.237085 1.458727 4.491940 3
-14.237085 1.458727 -4.491940 2
-14.304188 0.461184 4.491940 3
-14.304188 0.461184 -4.491940 2
-14.301481 -0.538609 4.491940 3
-14.301481 -0.538609 -4.491940 2
-14.228980 -1.535774 4.491940 3
-14.228980 -1.535774 -4.491940 2
-14.087037 -2.525444 4.491940 3
-14.087037 -2.525444 -4.491940 2
-13.876345 -3.502789 4.491940 3
-13.876345 -3.502789 -4.491940 2
-13.597932 -4.463039 4.491940 3
-13.597932 -4.463039 -4.491940 2
-13.253158 -5.401509 4.491940 3
-13.253158 -5.401509 -4.491940 2
-12.843703 -6.313617 4.491940 3
-12.843703 -6.313617 -4.491940 2
-12.371568 -7.194913 4.491940 3
-12.371568 -7.194913 -4.491940 2
-11.839056 -8.041096 4.491940 3
-11.839056 -8.041096 -4.491940 2
-11.248766 -8.848036 4.491940 3
-11.248766 -8.848036 -4.491940 2
-10.603579 -9.611794 4.491940 3
-10.603579 -9.611794 -4.491940 2
-9.906642 -10.328645 4.491940 3
-9.906642 -10.328645 -4.491940 2
-9.161359 -10.995089 4.491940 3
-9.161359 -10.995089 -4.491940 2
-8.371366 -11.607873 4.491940 3
-8.371366 -11.607873 -4.491940 2
-7.540517 -12.164007 4.491940 3
-7.540517 -12.164007 -4.491940 2
-6.672869 -12.660778 4.491940 3
-6.672869 -12.660778 -4.491940 2
-5.772655 -13.095760 4.491940 3
-5.772655 -13.095760 -4.491940 2
-4.844269 -13.466831 4.491940 3
-4.844269 -13.466831 -4.491940 2
-3.892241 -13.772180 4.491940 3
-3.892241 -13.772180 -4.491940 2
-2.921218 -14.010316 4.491940 3
-2.921218 -14.010316 -4.491940 2
-1.935939 -14.180079 4.491940 3
-1.935939 -14.180079 -4.491940 2
-0.941212 -14.280637 4.491940 3
-0.941212 -14.280637 -4.491940 2
0.058109 -14.311502 4.491940 3
0.058109 -14.311502 -4.491940 2
1.057146 -14.272523 4.491940 3
1.057146 -14.272523 -4.491940 2
2.051024 -14.163890 4.491940 3
2.051024 -14.163890 -4.491940 2
3.034892 -13.986133 4.491940 3
3.034892 -13.986133 -4.491940 2
4.003949 -13.740119 4.491940 3
4.003949 -13.740119 -4.491940 2
4.953466 -13.427049 4.491940 3
4.953466 -13.427049 -4.491940 2
5.878808 -13.048451 4.491940 3
5.878808 -13.048451 -4.491940 2
6.775460 -12.606174 4.491940 3
6.775460 -12.606174 -4.491940 2
7.639046 -12.102374 4.491940 3
7.639046 -12.102374 -4.491940 2
8.465351 -11.539511 4.491940 3
8.465351 -11.539511 -4.491940 2
9.250342 -10.920332 4.491940 3
9.250342 -10.920332 -4.491940 2
9.990190 -10.247858 4.491940 3
9.990190 -10.247858 -4.491940 2
10.681281 -9.525372 4.491940 3
10.681281 -9.525372 -4.491940 2
11.320245 -8.756399 4.491940 3
11.320245 -8.756399 -4.491940 2
11.903963 -7.944692 4.491940 3
11.903963 -7.944692 -4.491940 2
12.429586 -7.094213 4.491940 3
12.429586 -7.094213 -4.491940 2
12.894549 -6.209112 4.491940 3
12.894549 -6.209112 -4.491940 2
13.296583 -5.293709 4.491940 3
13.296583 -5.293709 -4.491940 2
13.633725 -4.352470 4.491940 3
13.633725 -4.352470 -4.491940 2
13.904331 -3.389991 4.491940 3
13.904331 -3.389991 -4.491940 2
14.107080 -2.410967 4.491940 3
14.107080 -2.410967 -4.491940 2
14.240982 -1.420177 4.491940 3
14.240982 -1.420177 -4.491940 2
14.305384 -0.422457 4.491940 3
14.305384 -0.422457 -4.491940 2
14.579069 0.000000 3.528559 3
14.579069 0.000000 -3.528559 2
14.544787 0.999216 3.528559 3
14.544787 0.999216 -3.528559 2
14.442101 1.993733 3.528559 3
14.442101 1.993733 -3.528559 2
14.271496 2.978873 3.528559 3
14.271496 2.978873 -3.528559 2
14.033772 3.950004 3.528559 3
14.033772 3.950004 -3.528559 2
13.730047 4.902558 3.528559 3
13.730047 4.902558 -3.528559 2
13.361751 5.832056 3.528559 3
13.361751 5.832056 -3.528559 2
12.930615 6.734126 3.528559 3
12.930615 6.734126 -3.528559 2
12.438668 7.604526 3.528559 3
12.438668 7.604526 -3.528559 2
11.888222 8.439161 3.528559 3
11.888222 8.439161 -3.528559 2
11.281866 9.234109 3.528559 3
11.281866 9.234109 -3.528559 2
10.622453 9.985628 3.528559 3
10.622453 9.985628 -3.528559 2
9.913082 10.690186 3.528559 3
9.913082 10.690186 -3.528559 2
9.157091 11.344468 3.528559 3
9.157091 11.344468 -3.528559 2
8.358035 11.945397 3.528559 3
8.358035 11.945397 -3.528559 2
7.519670 12.490149 3.528559 3
7.519670 12.490149 -3.528559 2
6.645942 12.976160 3.528559 3
6.645942 12.976160 -3.528559 2
5.740958 13.401144 3.528559 3
5.740958 13.401144 -3.528559 2
4.808974 13.763104 3.528559 3
4.808974 13.763104 -3.528559 2
3.854375 14.060336 3.528559 3
3.854375 14.060336 -3.528559 2
2.881648 14.291444 3.528559 3
2.881648 14.291444 -3.528559 2
1.895369 14.455339 3.528559 3
1.895369 14.455339 -3.528559 2
0.900177 14.551252 3.528559 3
0.900177 14.551252 -3.528559 2
-0.099250 14.578732 3.528559 3
-0.099250 14.578732 -3.528559 2
-1.098209 14.537648 3.528559 3
-1.098209 14.537648 -3.528559 2
-2.092004 14.428194 3.528559 3
-2.092004 14.428194 -3.528559 2
-3.075960 14.250886 3.528559 3
-3.075960 14.250886 -3.528559 2
-4.045450 14.006556 3.528559 3
-4.045450 14.006556 -3.528559 2
-4.995914 13.696354 3.528559 3
-4.995914 13.696354 -3.528559 2
-5.922883 13.321739 3.528559 3
-5.922883 13.321739 -3.528559 2
-6.821998 12.884472 3.528559 3
-6.821998 12.884472 -3.528559 2
-7.689030 12.386609 3.528559 3
-7.689030 12.386609 -3.528559 2
-8.519900 11.830493 3.528559 3
-8.519900 11.830493 -3.528559 2
-9.310702 11.218739 3.528559 3
-9.310702 11.218739 -3.528559 2
-10.057716 10.554222 3.528559 3
-10.057716 10.554222 -3.528559 2
-10.757429 9.840070 3.528559 3
-10.757429 9.840070 -3.528559 2
-11.406550 9.079640 3.528559 3
-11.406550 9.079640 -3.528559 2
-12.002027 8.276510 3.528559 3
-12.002027 8.276510 -3.528559 2
-12.541059 7.434455 3.528559 3
-12.541059 7.434455 -3.528559 2
-13.021110 6.557436 3.528559 3
-13.021110 6.557436 -3.528559 2
-13.439923 5.649578 3.528559 3
-13.439923 5.649578 -3.528559 2
-13.795529 4.715150 3.528559 3
-13.795529 4.715150 -3.528559 2
-14.086255 3.758547 3.528559 3
-14.086255 3.758547 -3.528559 2
-14.310735 2.784268 3.528559 3
-14.310735 2.784268 -3.528559 2
-14.467911 1.796894 3.528559 3
-14.467911 1.796894 -3.528559 2
-14.557045 0.801069 3.528559 3
-14.557045 0.801069 -3.528559 2
-14.577718 -0.198522 3.528559 3
-14.577718 -0.198522 -3.528559 2
-14.529832 -1.197181 3.528559 3
-14.529832 -1.197181 -3.528559 2
-14.413613 -2.190208 3.528559 3
-14.413613 -2.190208 -3.528559 2
-14.229608 -3.172936 3.528559 3
-14.229608 -3.172936 -3.528559 2
-13.978682 -4.140741 3.528559 3
-13.978682 -4.140741 -3.528559 2
-13.662013 -5.089073 3.528559 3
-13.662013 -5.089073 -3.528559 2
-13.281094 -6.013471 3.528559 3
-13.281094 -6.013471 -3.528559 2
-12.837713 -6.909587 3.528559 3
-12.837713 -6.909587 -3.528559 2
-12.333958 -7.773208 3.528559 3
-12.333958 -7.773208 -3.528559 2
-11.772196 -8.600272 3.528559 3
-11.772196 -8.600272 -3.528559 2
-11.155069 -9.386889 3.528559 3
-11.155069 -9.386889 -3.528559 2
-10.485481 -10.129360 3.528559 3
-10.485481 -10.129360 -3.528559 2
-9.766581 -10.824194 3.528559 3
-9.766581 -10.824194 -3.528559 2
-9.001748 -11.468121 3.528559 3
-9.001748 -11.468121 -3.528559 2
-8.194581 -12.058114 3.528559 3
-8.194581 -12.058114 -3.528559 2
-7.348875 -12.591398 3.528559 3
-7.348875 -12.591398 -3.528559 2
-6.468606 -13.065466 3.528559 3
-6.468606 -13.065466 -3.528559 2
-5.557917 -13.478086 3.528559 3
-5.557917 -13.478086 -3.528559 2
-4.621089 -13.827321 3.528559 3
-4.621089 -13.827321 -3.528559 2
-3.662528 -14.111526 3.528559 3
-3.662528 -14.111526 -3.528559 2
-2.686743 -14.329364 3.528559 3
-2.686743 -14.329364 -3.528559 2
-1.698321 -14.479813 3.528559 3
-1.698321 -14.479813 -3.528559 2
-0.701913 -14.562162 3.528559 3
-0.701913 -14.562162 -3.528559 2
0.297796 -14.576028 3.528559 3
0.297796 -14.576028 -3.528559 2
1.296105 -14.521342 3.528559 3
1.296105 -14.521342 -3.528559 2
2.288319 -14.398363 3.528559 3
2.288319 -14.398363 -3.528559 2
3.269770 -14.207669 3.528559 3
3.269770 -14.207669 -3.528559 2
4.235844 -13.950157 3.528559 3
4.235844 -13.950157 -3.528559 2
5.181997 -13.627038 3.528559 3
5.181997 -13.627038 -3.528559 2
6.103779 -13.239832 3.528559 3
6.103779 -13.239832 -3.528559 2
6.996856 -12.790359 3.528559 3
6.996856 -12.790359 -3.528559 2
7.857026 -12.280733 3.528559 3
7.857026 -12.280733 -3.528559 2
8.680245 -11.713352 3.528559 3
8.680245 -11.713352 -3.528559 2
9.462641 -11.090883 3.528559 3
9.462641 -11.090883 -3.528559 2
10.200535 -10.416254 3.528559 3
10.200535 -10.416254 -3.528559 2
10.890456 -9.692638 3.528559 3
10.890456 -9.692638 -3.528559 2
11.529160 -8.923438 3.528559 3
11.529160 -8.923438 -3.528559 2
12.113642 -8.112271 3.528559 3
12.113642 -8.112271 -3.528559 2
12.641154 -7.262953 3.528559 3
12.641154 -7.262953 -3.528559 2
13.109216 -6.379477 3.528559 3
13.109216 -6.379477 -3.528559 2
13.515625 -5.465999 3.528559 3
13.515625 -5.465999 -3.528559 2
13.858471 -4.526814 3.528559 3
13.858471 -4.526814 -3.528559 2
14.136141 -3.566340 3.528559 3
14.136141 -3.566340 -3.528559 2
14.347329 -2.589093 3.528559 3
14.347329 -2.589093 -3.528559 2
14.491043 -1.599670 3.528559 3
14.491043 -1.599670 -3.528559 2
14.566606 -0.602724 3.528559 3
14.566606 -0.602724 -3.528559 2
14.773292 0.499905 2.549502 3
14.773292 0.499905 -2.549502 2
14.705705 1.497427 2.549502 3
14.705705 1.497427 -2.549502 2
14.570841 2.488099 2.549502 3
14.570841 2.488099 -2.549502 2
14.369317 3.467387 2.549502 3
14.369317 3.467387 -2.549502 2
14.102054 4.430814 2.549502 3
14.102054 4.430814 -2.549502 2
13.770276 5.373969 2.549502 3
13.770276 5.373969 -2.549502 2
13.375500 6.292539 2.549502 3
13.375500 6.292539 -2.549502 2
12.919532 7.182321 2.549502 3
12.919532 7.182321 -2.549502 2
12.404458 8.039245 2.549502 3
12.404458 8.039245 -2.549502 2
11.832635 8.859389 2.549502 3
11.832635 8.859389 -2.549502 2
11.206679 9.639004 2.549502 3
11.206679 9.639004 -2.549502 2
10.529453 10.374520 2.549502 3
10.529453 10.374520 -2.549502 2
9.804055 11.062573 2.549502 3
9.804055 11.062573 -2.549502 2
9.033805 11.700017 2.549502 3
9.033805 11.700017 -2.549502 2
8.222226 12.283934 2.549502 3
8.222226 12.283934 -2.549502 2
7.373031 12.811653 2.549502 3
7.373031 12.811653 -2.549502 2
6.490105 13.280760 2.549502 3
6.490105 13.280760 -2.549502 2
5.577487 13.689108 2.549502 3
5.577487 13.689108 -2.549502 2
4.639353 14.034830 2.549502 3
4.639353 14.034830 -2.549502 2
3.679994 14.316343 2.549502 3
3.679994 14.316343 -2.549502 2
2.703799 14.532361 2.549502 3
2.703799 14.532361 -2.549502 2
1.715235 14.681894 2.549502 3
1.715235 14.681894 -2.549502 2
0.718823 14.764258 2.549502 3
0.718823 14.764258 -2.549502 2
-0.280876 14.779078 2.549502 3
-0.280876 14.779078 -2.549502 2
-1.279291 14.726284 2.549502 3
-1.279291 14.726284 -2.549502 2
-2.271854 14.606119 2.549502 3
-2.271854 14.606119 -2.549502 2
-3.254022 14.419132 2.549502 3
-3.254022 14.419132 -2.549502 2
-4.221304 14.166179 2.549502 3
-4.221304 14.166179 -2.549502 2
-5.169274 13.848416 2.549502 3
-5.169274 13.848416 -2.549502 2
-6.093595 13.467299 2.549502 3
-6.093595 13.467299 -2.549502 2
-6.990036 13.024570 2.549502 3
-6.990036 13.024570 -2.549502 2
-7.854501 12.522255 2.549502 3
-7.854501 12.522255 -2.549502 2
-8.683031 11.962650 2.549502 3
-8.683031 11.962650 -2.549502 2
-9.471838 11.348318 2.549502 3
-9.471838 11.348318 -2.549502 2
-10.217311 10.682069 2.549502 3
-10.217311 10.682069 -2.549502 2
-10.916041 9.966949 2.549502 3
-10.916041 9.966949 -2.549502 2
-11.564832 9.206232 2.549502 3
-11.564832 9.206232 -2.549502 2
-12.160714 8.403397 2.549502 3
-12.160714 8.403397 -2.549502 2
-12.700961 7.562117 2.549502 3
-12.700961 7.562117 -2.549502 2
-13.183104 6.686241 2.549502 3
-13.183104 6.686241 -2.549502 2
-13.604934 5.779776 2.549502 3
-13.604934 5.779776 -2.549502 2
-13.964522 4.846869 2.549502 3
-13.964522 4.846869 -2.549502 2
-14.260225 3.891788 2.549502 3
-14.260225 3.891788 -2.549502 2
-14.490688 2.918903 2.549502 3
-14.490688 2.918903 -2.549502 2
-14.654858 1.932663 2.549502 3
-14.654858 1.932663 -2.549502 2
-14.751982 0.937582 2.549502 3
-14.751982 0.937582 -2.549502 2
-14.781618 -0.061788 2.549502 3
-14.781618 -0.061788 -2.549502 2
-14.743629 -1.060876 2.549502 3
-14.743629 -1.060876 -2.549502 2
-14.638188 -2.055110 2.549502 3
-14.638188 -2.055110 -2.549502 2
-14.465780 -3.039943 2.549502 3
-14.465780 -3.039943 -2.549502 2
-14.227192 -4.010868 2.549502 3
-14.227192 -4.010868 -2.549502 2
-13.923515 -4.963443 2.549502 3
-13.923515 -4.963443 -2.549502 2
-13.556140 -5.893312 2.549502 3
-13.556140 -5.893312 -2.549502 2
-13.126746 -6.796218 2.549502 3
-13.126746 -6.796218 -2.549502 2
-12.637299 -7.668033 2.549502 3
-12.637299 -7.668033 -2.549502 2
-12.090036 -8.504766 2.549502 3
-12.090036 -8.504766 -2.549502 2
-11.487464 -9.302592 2.549502 3
-11.487464 -9.302592 -2.549502 2
-10.832336 -10.057859 2.549502 3
-10.832336 -10.057859 -2.549502 2
-10.127652 -10.767112 2.549502 3
-10.127652 -10.767112 -2.549502 2
-9.376635 -11.427106 2.549502 3
-9.376635 -11.427106 -2.549502 2
-8.582723 -12.034821 2.549502 3
-8.582723 -12.034821 -2.549502 2
-7.749546 -12.587477 2.549502 3
-7.749546 -12.587477 -2.549502 2
-6.880916 -13.082547 2.549502 3
-6.880916 -13.082547 -2.549502 2
-5.980807 -13.517766 2.549502 3
-5.980807 -13.517766 -2.549502 2
-5.053336 -13.891142 2.549502 3
-5.053336 -13.891142 -2.549502 2
-4.102746 -14.200969 2.549502 3
-4.102746 -14.200969 -2.549502 2
-3.133387 -14.445827 2.549502 3
-3.133387 -14.445827 -2.549502 2
-2.149693 -14.624598 2.549502 3
-2.149693 -14.624598 -2.549502 2
-1.156165 -14.736463 2.549502 3
-1.156165 -14.736463 -2.549502 2
-0.157347 -14.780910 2.549502 3
-0.157347 -14.780910 -2.549502 2
0.842190 -14.757735 2.549502 3
0.842190 -14.757735 -2.549502 2
1.837875 -14.667047 2.549502 3
1.837875 -14.667047 -2.549502 2
2.825152 -14.509257 2.549502 3
2.825152 -14.509257 -2.549502 2
3.799504 -14.285090 2.549502 3
3.799504 -14.285090 -2.549502 2
4.756473 -13.995571 2.549502 3
4.756473 -13.995571 -2.549502 2
5.691682 -13.642023 2.549502 3
5.691682 -13.642023 -2.549502 2
6.600853 -13.226065 2.549502 3
6.600853 -13.226065 -2.549502 2
7.479825 -12.749599 2.549502 3
7.479825 -12.749599 -2.549502 2
8.324578 -12.214804 2.549502 3
8.324578 -12.214804 -2.549502 2
9.131248 -11.624128 2.549502 3
9.131248 -11.624128 -2.549502 2
9.896142 -10.980273 2.549502 3
9.896142 -10.980273 -2.549502 2
10.615763 -10.286185 2.549502 3
10.615763 -10.286185 -2.549502 2
11.286818 -9.545039 2.549502 3
11.286818 -9.545039 -2.549502 2
11.906238 -8.760226 2.549502 3
11.906238 -8.760226 -2.549502 2
12.471187 -7.935335 2.549502 3
12.471187 -7.935335 -2.549502 2
12.979082 -7.074141 2.549502 3
12.979082 -7.074141 -2.549502 2
13.427599 -6.180584 2.549502 3
13.427599 -6.180584 -2.549502 2
13.814687 -5.258751 2.549502 3
13.814687 -5.258751 -2.549502 2
14.138574 -4.312860 2.549502 3
14.138574 -4.312860 -2.549502 2
14.397779 -3.347238 2.549502 3
14.397779 -3.347238 -2.549502 2
14.591115 -2.366303 2.549502 3
14.591115 -2.366303 -2.549502 2
14.717699 -1.374543 2.549502 3
14.717699 -1.374543 -2.549502 2
14.776952 -0.376494 2.549502 3
14.776952 -0.376494 -2.549502 2
14.918752 0.000000 1.559118 3
14.918752 0.000000 -1.559118 2
14.885249 0.999251 1.559118 3
14.885249 0.999251 -1.559118 2
14.784893 1.994015 1.559118 3
14.784893 1.994015 -1.559118 2
14.618133 2.979822 1.559118 3
14.618133 2.979822 -1.559118 2
14.385718 3.952247 1.559118 3
14.385718 3.952247 -1.559118 2
14.088694 4.906920 1.559118 3
14.088694 4.906920 -1.559118 2
13.728392 5.839556 1.559118 3
13.728392 5.839556 -1.559118 2
13.306432 6.745964 1.559118 3
13.306432 6.745964 -1.559118 2
12.824709 7.622073 1.559118 3
12.824709 7.622073 -1.559118 2
12.285386 8.463950 1.559118 3
12.285386 8.463950 -1.559118 2
11.690886 9.267812 1.559118 3
11.690886 9.267812 -1.559118 2
11.043879 10.030050 1.559118 3
11.043879 10.030050 -1.559118 2
10.347270 10.747240 1.559118 3
10.347270 10.747240 -1.559118 2
9.604188 11.416161 1.559118 3
9.604188 11.416161 -1.559118 2
8.817971 12.033808 1.559118 3
8.817971 12.033808 -1.559118 2
7.992150 12.597408 1.559118 3
7.992150 12.597408 -1.559118 2
7.130434 13.104429 1.559118 3
7.130434 13.104429 -1.559118 2
6.236693 13.552594 1.559118 3
6.236693 13.552594 -1.559118 2
5.314941 13.939891 1.559118 3
5.314941 13.939891 -1.559118 2
4.369318 14.264579 1.559118 3
4.369318 14.264579 -1.559118 2
3.404071 14.525201 1.559118 3
3.404071 14.525201 -1.559118 2
2.423536 14.720585 1.559118 3
2.423536 14.720585 -1.559118 2
1.432115 14.849855 1.559118 3
1.432115 14.849855 -1.559118 2
0.434263 14.912430 1.559118 3
0.434263 14.912430 -1.559118 2
-0.565540 14.908029 1.559118 3
-0.565540 14.908029 -1.559118 2
-1.562802 14.836671 1.559118 3
-1.562802 14.836671 -1.559118 2
-2.553046 14.698677 1.559118 3
-2.553046 14.698677 -1.559118 2
-3.531823 14.494667 1.559118 3
-3.531823 14.494667 -1.559118 2
-4.494738 14.225557 1.559118 3
-4.494738 14.225557 -1.559118 2
-5.437466 13.892556 1.559118 3
-5.437466 13.892556 -1.559118 2
-6.355772 13.497159 1.559118 3
-6.355772 13.497159 -1.559118 2
-7.245533 13.041142 1.559118 3
-7.245533 13.041142 -1.559118 2
-8.102752 12.526555 1.559118 3
-8.102752 12.526555 -1.559118 2
-8.923578 11.955706 1.559118 3
-8.923578 11.955706 -1.559118 2
-9.704327 11.331161 1.559118 3
-9.704327 11.331161 -1.559118 2
-10.441490 10.655724 1.559118 3
-10.441490 10.655724 -1.559118 2
-11.131758 9.932428 1.559118 3
-11.131758 9.932428 -1.559118 2
-11.772029 9.164524 1.559118 3
-11.772029 9.164524 -1.559118 2
-12.359428 8.355458 1.559118 3
-12.359428 8.355458 -1.559118 2
-12.891318 7.508866 1.559118 3
-12.891318 7.508866 -1.559118 2
-13.365309 6.628550 1.559118 3
-13.365309 6.628550 -1.559118 2
-13.779272 5.718462 1.559118 3
-13.779272 5.718462 -1.559118 2
-14.131349 4.782691 1.559118 3
-14.131349 4.782691 -1.559118 2
-14.419957 3.825440 1.559118 3
-14.419957 3.825440 -1.559118 2
-14.643801 2.851007 1.559118 3
-14.643801 2.851007 -1.559118 2
-14.801875 1.863770 1.559118 3
-14.801875 1.863770 -1.559118 2
-14.893470 0.868162 1.559118 3
-14.893470 0.868162 -1.559118 2
-14.918174 -0.131346 1.559118 3
-14.918174 -0.131346 -1.559118 2
-14.875875 -1.130263 1.559118 3
-14.875875 -1.130263 -1.559118 2
-14.766765 -2.124104 1.559118 3
-14.766765 -2.124104 -1.559118 2
-14.591332 -3.108405 1.559118 3
-14.591332 -3.108405 -1.559118 2
-14.350366 -4.078745 1.559118 3
-14.350366 -4.078745 -1.559118 2
-14.044948 -5.030766 1.559118 3
-14.044948 -5.030766 -1.559118 2
-13.676449 -5.960193 1.559118 3
-13.676449 -5.960193 -1.559118 2
-13.246526 -6.862851 1.559118 3
-13.246526 -6.862851 -1.559118 2
-12.757108 -7.734685 1.559118 3
-12.757108 -7.734685 -1.559118 2
-12.210394 -8.571781 1.559118 3
-12.210394 -8.571781 -1.559118 2
-11.608840 -9.370378 1.559118 3
-11.608840 -9.370378 -1.559118 2
-10.955147 -10.126890 1.559118 3
-10.955147 -10.126890 -1.559118 2
-10.252252 -10.837919 1.559118 3
-10.252252 -10.837919 -1.559118 2
-9.503306 -11.500275 1.559118 3
-9.503306 -11.500275 -1.559118 2
-8.711679 -12.110978 1.559118 3
-8.711679 -12.110978 -1.559118 2
-7.880926 -12.667287 1.559118 3
-7.880926 -12.667287 -1.559118 2
-7.014776 -13.166703 1.559118 3
-7.014776 -13.166703 -1.559118 2
-6.117120 -13.606983 1.559118 3
-6.117120 -13.606983 -1.559118 2
-5.191991 -13.986150 1.559118 3
-5.191991 -13.986150 -1.559118 2
-4.243542 -14.302500 1.559118 3
-4.243542 -14.302500 -1.559118 2
-3.276034 -14.554613 1.559118 3
-3.276034 -14.554613 -1.559118 2
-2.293813 -14.741356 1.559118 3
-2.293813 -14.741356 -1.559118 2
-1.301289 -14.861891 1.559118 3
-1.301289 -14.861891 -1.559118 2
-0.302921 -14.915676 1.559118 3
-0.302921 -14.915676 -1.559118 2
0.696808 -14.902470 1.559118 3
0.696808 -14.902470 -1.559118 2
1.693407 -14.822332 1.559118 3
1.693407 -14.822332 -1.559118 2
2.682401 -14.675622 1.559118 3
2.682401 -14.675622 -1.559118 2
3.659347 -14.462998 1.559118 3
3.659347 -14.462998 -1.559118 2
4.619857 -14.185417 1.559118 3
4.619857 -14.185417 -1.559118 2
5.559619 -13.844125 1.559118 3
5.559619 -13.844125 -1.559118 2
6.474410 -13.440654 1.559118 3
6.474410 -13.440654 -1.559118 2
7.360123 -12.976816 1.559118 3
7.360123 -12.976816 -1.559118 2
8.212778 -12.454695 1.559118 3
8.212778 -12.454695 -1.559118 2
9.028547 -11.876636 1.559118 3
9.028547 -11.876636 -1.559118 2
9.803767 -11.245234 1.559118 3
9.803767 -11.245234 -1.559118 2
10.534954 -10.563328 1.559118 3
10.534954 -10.563328 -1.559118 2
11.218825 -9.833977 1.559118 3
11.218825 -9.833977 -1.559118 2
11.852309 -9.060459 1.559118 3
11.852309 -9.060459 -1.559118 2
12.432560 -8.246247 1.559118 3
12.432560 -8.246247 -1.559118 2
12.956973 -7.394999 1.559118 3
12.956973 -7.394999 -1.559118 2
13.423191 -6.510537 1.559118 3
13.423191 -6.510537 -1.559118 2
13.829122 -5.596835 1.559118 3
13.829122 -5.596835 -1.559118 2
14.172940 -4.657994 1.559118 3
14.172940 -4.657994 -1.559118 2
14.453104 -3.698234 1.559118 3
14.453104 -3.698234 -1.559118 2
14.668354 -2.721863 1.559118 3
14.668354 -2.721863 -1.559118 2
14.817723 -1.733268 1.559118 3
14.817723 -1.733268 -1.559118 2
14.900542 -0.736888 1.559118 3
14.900542 -0.736888 -1.559118 2
14.981137 0.499907 0.561807 3
14.981137 0.499907 -0.561807 2
14.914485 1.497498 0.561807 3
14.914485 1.497498 -0.561807 2
14.781479 2.488426 0.561807 3
14.781479 2.488426 -0.561807 2
14.582708 3.468283 0.561807 3
14.582708 3.468283 -0.561807 2
14.319059 4.432709 0.561807 3
14.319059 4.432709 -0.561807 2
13.991704 5.377415 0.561807 3
13.991704 5.377415 -0.561807 2
13.602099 6.298195 0.561807 3
13.602099 6.298195 -0.561807 2
13.151978 7.190955 0.561807 3
13.151978 7.190955 -0.561807 2
12.643344 8.051722 0.561807 3
12.643344 8.051722 -0.561807 2
12.078459 8.876666 0.561807 3
12.078459 8.876666 -0.561807 2
11.459836 9.662118 0.561807 3
11.459836 9.662118 -0.561807 2
10.790229 10.404583 0.561807 3
10.790229 10.404583 -0.561807 2
10.072615 11.100757 0.561807 3
10.072615 11.100757 -0.561807 2
9.310187 11.747544 0.561807 3
9.310187 11.747544 -0.561807 2
8.506339 12.342065 0.561807 3
8.506339 12.342065 -0.561807 2
7.664645 12.881677 0.561807 3
7.664645 12.881677 -0.561807 2
6.788851 13.363976 0.561807 3
6.788851 13.363976 -0.561807 2
5.882854 13.786820 0.561807 3
5.882854 13.786820 -0.561807 2
4.950683 14.148326 0.561807 3
4.950683 14.148326 -0.561807 2
3.996486 14.446884 0.561807 3
3.996486 14.446884 -0.561807 2
3.024509 14.681169 0.561807 3
3.024509 14.681169 -0.561807 2
2.039076 14.850136 0.561807 3
2.039076 14.850136 -0.561807 2
1.044571 14.953034 0.561807 3
1.044571 14.953034 -0.561807 2
0.045418 14.989407 0.561807 3
0.045418 14.989407 -0.561807 2
-0.953936 14.959090 0.561807 3
-0.953936 14.959090 -0.561807 2
-1.949047 14.862220 0.561807 3
-1.949047 14.862220 -0.561807 2
-2.935486 14.699227 0.561807 3
-2.935486 14.699227 -0.561807 2
-3.908864 14.470838 0.561807 3
-3.908864 14.470838 -0.561807 2
-4.864853 14.178067 0.561807 3
-4.864853 14.178067 -0.561807 2
-5.799197 13.822217 0.561807 3
-5.799197 13.822217 -0.561807 2
-6.707741 13.404872 0.561807 3
-6.707741 13.404872 -0.561807 2
-7.586443 12.927887 0.561807 3
-7.586443 12.927887 -0.561807 2
-8.431393 12.393385 0.561807 3
-8.431393 12.393385 -0.561807 2
-9.238831 11.803744 0.561807 3
-9.238831 11.803744 -0.561807 2
-10.005164 11.161589 0.561807 3
-10.005164 11.161589 -0.561807 2
-10.726985 10.469774 0.561807 3
-10.726985 10.469774 -0.561807 2
-11.401080 9.731380 0.561807 3
-11.401080 9.731380 -0.561807 2
-12.024452 8.949689 0.561807 3
-12.024452 8.949689 -0.561807 2
-12.594326 8.128181 0.561807 3
-12.594326 8.128181 -0.561807 2
-13.108168 7.270510 0.561807 3
-13.108168 7.270510 -0.561807 2
-13.563690 6.380492 0.561807 3
-13.563690 6.380492 -0.561807 2
-13.958867 5.462088 0.561807 3
-13.958867 5.462088 -0.561807 2
-14.291941 4.519382 0.561807 3
-14.291941 4.519382 -0.561807 2
-14.561428 3.556569 0.561807 3
-14.561428 3.556569 -0.561807 2
-14.766131 2.577933 0.561807 3
-14.766131 2.577933 -0.561807 2
-14.905139 1.587828 0.561807 3
-14.905139 1.587828 -0.561807 2
-14.977834 0.590658 0.561807 3
-14.977834 0.590658 -0.561807 2
-14.983891 -0.409140 0.561807 3
-14.983891 -0.409140 -0.561807 2
-14.923284 -1.407117 0.561807 3
-14.923284 -1.407117 -0.561807 2
-14.796282 -2.398834 0.561807 3
-14.796282 -2.398834 -0.561807 2
-14.603452 -3.379879 0.561807 3
-14.603452 -3.379879 -0.561807 2
-14.345649 -4.345886 0.561807 3
-14.345649 -4.345886 -0.561807 2
-14.024022 -5.292558 0.561807 3
-14.024022 -5.292558 -0.561807 2
-13.640002 -6.215683 0.561807 3
-13.640002 -6.215683 -0.561807 2
-13.195296 -7.111155 0.561807 3
-13.195296 -7.111155 -0.561807 2
-12.691884 -7.974988 0.561807 3
-12.691884 -7.974988 -0.561807 2
-12.132006 -8.803341 0.561807 3
-12.132006 -8.803341 -0.561807 2
-11.518151 -9.592527 0.561807 3
-11.518151 -9.592527 -0.561807 2
-10.853051 -10.339035 0.561807 3
-10.853051 -10.339035 -0.561807 2
-10.139666 -11.039545 0.561807 3
-10.139666 -11.039545 -0.561807 2
-9.381168 -11.690939 0.561807 3
-9.381168 -11.690939 -0.561807 2
-8.580937 -12.290317 0.561807 3
-8.580937 -12.290317 -0.561807 2
-7.742529 -12.835015 0.561807 3
-7.742529 -12.835015 -0.561807 2
-6.869674 -13.322611 0.561807 3
-6.869674 -13.322611 -0.561807 2
-5.966256 -13.750934 0.561807 3
-5.966256 -13.750934 -0.561807 2
-5.036294 -14.118078 0.561807 3
-5.036294 -14.118078 -0.561807 2
-4.083925 -14.422411 0.561807 3
-4.083925 -14.422411 -0.561807 2
-3.113386 -14.662579 0.561807 3
-3.113386 -14.662579 -0.561807 2
-2.128997 -14.837511 0.561807 3
-2.128997 -14.837511 -0.561807 2
-1.135135 -14.946432 0.561807 3
-1.135135 -14.946432 -0.561807 2
-0.136223 -14.988856 0.561807 3
-0.136223 -14.988856 -0.561807 2
0.863295 -14.964595 0.561807 3
0.863295 -14.964595 -0.561807 2
1.858972 -14.873755 0.561807 3
1.858972 -14.873755 -0.561807 2
2.846379 -14.716743 0.561807 3
2.846379 -14.716743 -0.561807 2
3.821122 -14.494254 0.561807 3
3.821122 -14.494254 -0.561807 2
4.778865 -14.207281 0.561807 3
4.778865 -14.207281 -0.561807 2
5.715346 -13.857099 0.561807 3
5.715346 -13.857099 -0.561807 2
6.626400 -13.445267 0.561807 3
6.626400 -13.445267 -0.561807 2
7.507973 -12.973617 0.561807 3
7.507973 -12.973617 -0.561807 2
8.356143 -12.444245 0.561807 3
8.356143 -12.444245 -0.561807 2
9.167136 -11.859510 0.561807 3
9.167136 -11.859510 -0.561807 2
9.937345 -11.222013 0.561807 3
9.937345 -11.222013 -0.561807 2
10.663342 -10.534587 0.561807 3
10.663342 -10.534587 -0.561807 2
11.341897 -9.800294 0.561807 3
11.341897 -9.800294 -0.561807 2
11.969992 -9.022398 0.561807 3
11.969992 -9.022398 -0.561807 2
12.544832 -8.204362 0.561807 3
12.544832 -8.204362 -0.561807 2
13.063861 -7.349824 0.561807 3
13.063861 -7.349824 -0.561807 2
13.524768 -6.462587 0.561807 3
13.524768 -6.462587 -0.561807 2
13.925503 -5.546598 0.561807 3
13.925503 -5.546598 -0.561807 2
14.264283 -4.605932 0.561807 3
14.264283 -4.605932 -0.561807 2
14.539601 -3.644774 0.561807 3
14.539601 -3.644774 -0.561807 2
14.750232 -2.667400 0.561807 3
14.750232 -2.667400 -0.561807 2
14.895240 -1.678159 0.561807 3
14.895240 -1.678159 -0.561807 2
14.973977 -0.681452 0.561807 3
14.973977 -0.681452 -0.561807 2

