2.000000 0.000000 2
3.000000 1.000000 3
4.000000 2.000000 4
5.000000 3.000000 5
6.000000 4.000000 6
7.000000 5.000000 7
8.000000 6.000000 8
9.000000 7.000000 9
10.000000 8.000000 10
11.000000 9.000000 11
12.000000 10.000000 12
13.000000 11.000000 13
14.000000 12.000000 14
15.000000 13.000000 15
16.000000 14.000000 16
1.975071 0.099833 2
2.975071 1.099833 3
3.975071 2.099833 4
4.975071 3.099833 5
5.975071 4.099833 6
6.975071 5.099833 7
7.975071 6.099833 8
8.975071 7.099833 9
9.975071 8.099833 10
10.975071 9.099833 11
11.975071 10.099833 12
12.975071 11.099833 13
13.975071 12.099833 14
14.975071 13.099833 15
15.975071 14.099833 16
1.901128 0.198669 2
2.901128 1.198669 3
3.901128 2.198669 4
4.901127 3.198669 5
5.901127 4.198669 6
6.901127 5.198669 7
7.901127 6.198669 8
8.901128 7.198669 9
9.901128 8.198669 10
10.901128 9.198669 11
11.901128 10.198669 12
12.901128 11.198669 13
13.901128 12.198669 14
14.901128 13.198669 15
15.901128 14.198669 16
1.780672 0.295520 2
2.780672 1.295520 3
3.780672 2.295520 4
4.780672 3.295520 5
5.780672 4.295520 6
6.780672 5.295520 7
7.780672 6.295520 8
8.780672 7.295520 9
9.780672 8.295520 10
10.780672 9.295520 11
11.780672 10.295520 12
12.780672 11.295520 13
13.780672 12.295520 14
14.780672 13.295520 15
15.780672 14.295520 16
1.617768 0.389418 2
2.617768 1.389418 3
3.617768 2.389418 4
4.617768 3.389418 5
5.617768 4.389418 6
6.617768 5.389418 7
7.617768 6.389418 8
8.617767 7.389418 9
9.617767 8.389419 10
10.617767 9.389419 11
11.617767 10.389419 12
12.617767 11.389419 13
13.617767 12.389419 14
14.617767 13.389419 15
15.617767 14.389419 16
1.417885 0.479426 2
2.417885 1.479426 3
3.417885 2.479425 4
4.417885 3.479425 5
5.417885 4.479425 6
6.417885 5.479425 7
7.417885 6.479425 8
8.417885 7.479425 9
9.417885 8.479425 10
10.417885 9.479425 11
11.417885 10.479425 12
12.417885 11.479425 13
13.417885 12.479425 14
14.417885 13.479425 15
15.417885 14.479425 16
1.187693 0.564642 2
2.187693 1.564643 3
3.187693 2.564642 4
4.187693 3.564642 5
5.187693 4.564642 6
6.187693 5.564642 7
7.187693 6.564642 8
8.187694 7.564642 9
9.187694 8.564643 10
10.187694 9.564643 11
11.187694 10.564643 12
12.187694 11.564643 13
13.187694 12.564643 14
14.187694 13.564643 15
15.187694 14.564643 16
0.934809 0.644218 2
1.934809 1.644218 3
2.934809 2.644218 4
3.934809 3.644218 5
4.934809 4.644217 6
5.934809 5.644217 7
6.934809 6.644217 8
7.934809 7.644217 9
8.934809 8.644217 10
9.934809 9.644217 11
10.934809 10.644217 12
11.934809 11.644217 13
12.934809 12.644217 14
13.934809 13.644217 15
14.934809 14.644217 16
0.667507 0.717356 2
1.667507 1.717356 3
2.667507 2.717356 4
3.667507 3.717356 5
4.667507 4.717356 6
5.667507 5.717356 7
6.667507 6.717356 8
7.667507 7.717356 9
8.667507 8.717356 10
9.667507 9.717356 11
10.667507 10.717356 12
11.667507 11.717356 13
12.667507 12.717356 14
13.667507 13.717356 15
14.667507 14.717356 16
0.394408 0.783327 2
1.394408 1.783327 3
2.394408 2.783327 4
3.394408 3.783327 5
4.394408 4.783327 6
5.394408 5.783327 7
6.394408 6.783327 8
7.394408 7.783327 9
8.394407 8.783327 10
9.394407 9.783327 11
10.394407 10.783327 12
11.394407 11.783327 13
12.394407 12.783327 14
13.394407 13.783327 15
14.394407 14.783327 16
0.124155 0.841471 2
1.124155 1.841471 3
2.124155 2.841471 4
3.124155 3.841471 5
4.124155 4.841471 6
5.124155 5.841471 7
6.124155 6.841471 8
7.124155 7.841471 9
8.124155 8.841471 10
9.124155 9.841471 11
10.124155 10.841471 12
11.124155 11.841471 13
12.124155 12.841471 14
13.124155 13.841471 15
14.124155 14.841471 16
-0.134905 0.891207 2
0.865095 1.891207 3
1.865095 2.891207 4
2.865095 3.891207 5
3.865095 4.891207 6
4.865095 5.891207 7
5.865095 6.891207 8
6.865095 7.891207 9
7.865095 8.891208 10
8.865094 9.891208 11
9.865094 10.891208 12
10.865094 11.891208 13
11.865094 12.891208 14
12.865094 13.891208 15
13.865094 14.891208 16
-0.375036 0.932039 2
0.624964 1.932039 3
1.624964 2.932039 4
2.624964 3.932039 5
3.624964 4.932039 6
4.624964 5.932039 7
5.624964 6.932039 8
6.624964 7.932039 9
7.624964 8.932039 10
8.624964 9.932039 11
9.624964 10.932039 12
10.624964 11.932039 13
11.624964 12.932039 14
12.624964 13.932039 15
13.624964 14.932039 16
-0.589390 0.963558 2
0.410610 1.963558 3
1.410610 2.963558 4
2.410610 3.963558 5
3.410610 4.963558 6
4.410610 5.963558 7
5.410610 6.963558 8
6.410610 7.963558 9
7.410610 8.963558 10
8.410609 9.963558 11
9.410609 10.963558 12
10.410609 11.963558 13
11.410609 12.963558 14
12.410609 13.963558 15
13.410609 14.963558 16
-0.772256 0.985450 2
0.227744 1.985450 3
1.227744 2.985450 4
2.227744 3.985450 5
3.227744 4.985450 6
4.227745 5.985450 7
5.227745 6.985450 8
6.227745 7.985450 9
7.227745 8.985450 10
8.227744 9.985450 11
9.227744 10.985450 12
10.227744 11.985450 13
11.227744 12.985450 14
12.227744 13.985450 15
13.227744 14.985450 16
-0.919256 0.997495 2
0.080744 1.997495 3
1.080744 2.997495 4
2.080745 3.997495 5
3.080745 4.997495 6
4.080744 5.997495 7
5.080744 6.997495 8
6.080744 7.997495 9
7.080744 8.997495 10
8.080745 9.997495 11
9.080745 10.997495 12
10.080745 11.997495 13
11.080745 12.997495 14
12.080745 13.997495 15
13.080745 14.997495 16
-1.027495 0.999574 2
-0.027495 1.999574 3
0.972505 2.999574 4
1.972505 3.999574 5
2.972506 4.999574 6
3.972506 5.999574 7
4.972506 6.999574 8
5.972506 7.999574 9
6.972506 8.999574 10
7.972506 9.999574 11
8.972506 10.999574 12
9.972506 11.999574 13
10.972506 12.999574 14
11.972506 13.999574 15
12.972506 14.999574 16
-1.095643 0.991665 2
-0.095643 1.991665 3
0.904357 2.991665 4
1.904357 3.991665 5
2.904357 4.991665 6
3.904357 5.991665 7
4.904357 6.991665 8
5.904357 7.991665 9
6.904357 8.991665 10
7.904357 9.991665 11
8.904357 10.991665 12
9.904357 11.991665 13
10.904357 12.991665 14
11.904357 13.991665 15
12.904357 14.991665 16
-1.123960 0.973848 2
-0.123961 1.973848 3
0.876039 2.973848 4
1.876040 3.973848 5
2.876040 4.973847 6
3.876040 5.973847 7
4.876040 6.973847 8
5.876040 7.973847 9
6.876040 8.973847 10
7.876040 9.973847 11
8.876040 10.973847 12
9.876040 11.973847 13
10.876040 12.973847 14
11.876040 13.973847 15
12.876040 14.973847 16
-1.114257 0.946300 2
-0.114257 1.946300 3
0.885743 2.946300 4
1.885743 3.946300 5
2.885743 4.946300 6
3.885743 5.946300 7
4.885743 6.946300 8
5.885743 7.946300 9
6.885743 8.946300 10
7.885743 9.946300 11
8.885743 10.946300 12
9.885743 11.946300 13
10.885743 12.946300 14
11.885743 13.946300 15
12.885743 14.946300 16
-1.069790 0.909297 2
-0.069790 1.909297 3
0.930210 2.909297 4
1.930210 3.909297 5
2.930210 4.909297 6
3.930210 5.909297 7
4.930210 6.909297 8
5.930210 7.909297 9
6.930210 8.909297 10
7.930210 9.909297 11
8.930210 10.909297 12
9.930210 11.909297 13
10.930210 12.909297 14
11.930210 13.909297 15
12.930210 14.909297 16
-0.995107 0.863209 2
0.004893 1.863209 3
1.004893 2.863209 4
2.004893 3.863209 5
3.004893 4.863209 6
4.004893 5.863209 7
5.004893 6.863209 8
6.004893 7.863209 9
7.004893 8.863210 10
8.004893 9.863210 11
9.004893 10.863210 12
10.004893 11.863210 13
11.004893 12.863210 14
12.004893 13.863210 15
13.004893 14.863210 16
-0.895834 0.808496 2
0.104166 1.808496 3
1.104166 2.808496 4
2.104166 3.808496 5
3.104166 4.808496 6
4.104166 5.808496 7
5.104166 6.808496 8
6.104166 7.808496 9
7.104166 8.808496 10
8.104166 9.808496 11
9.104166 10.808496 12
10.104166 11.808496 13
11.104166 12.808496 14
12.104166 13.808496 15
13.104166 14.808496 16
-0.778429 0.745705 2
0.221571 1.745705 3
1.221571 2.745705 4
2.221571 3.745705 5
3.221571 4.745705 6
4.221571 5.745705 7
5.221571 6.745705 8
6.221571 7.745705 9
7.221571 8.745706 10
8.221571 9.745706 11
9.221571 10.745706 12
10.221571 11.745706 13
11.221571 12.745706 14
12.221571 13.745706 15
13.221571 14.745706 16
-0.649895 0.675463 2
0.350105 1.675463 3
1.350105 2.675463 4
2.350105 3.675463 5
3.350105 4.675463 6
4.350105 5.675463 7
5.350105 6.675463 8
6.350105 7.675463 9
7.350105 8.675464 10
8.350105 9.675464 11
9.350105 10.675464 12
10.350105 11.675464 13
11.350105 12.675464 14
12.350105 13.675464 15
13.350105 14.675464 16
-0.517482 0.598472 2
0.482518 1.598472 3
1.482518 2.598472 4
2.482518 3.598472 5
3.482518 4.598472 6
4.482518 5.598472 7
5.482518 6.598472 8
6.482518 7.598472 9
7.482518 8.598473 10
8.482518 9.598473 11
9.482518 10.598473 12
10.482518 11.598473 13
11.482518 12.598473 14
12.482518 13.598473 15
13.482518 14.598473 16
-0.388373 0.515502 2
0.611628 1.515502 3
1.611627 2.515502 4
2.611628 3.515502 5
3.611628 4.515501 6
4.611628 5.515501 7
5.611628 6.515501 8
6.611628 7.515501 9
7.611628 8.515502 10
8.611628 9.515502 11
9.611628 10.515502 12
10.611628 11.515502 13
11.611628 12.515502 14
12.611628 13.515502 15
13.611628 14.515502 16
-0.269380 0.427380 2
0.730620 1.427380 3
1.730620 2.427380 4
2.730620 3.427380 5
3.730620 4.427380 6
4.730620 5.427380 7
5.730620 6.427380 8
6.730620 7.427380 9
7.730620 8.427381 10
8.730620 9.427381 11
9.730620 10.427381 12
10.730620 11.427381 13
11.730620 12.427381 14
12.730620 13.427381 15
13.730620 14.427381 16
-0.166657 0.334989 2
0.833343 1.334989 3
1.833343 2.334989 4
2.833343 3.334989 5
3.833343 4.334989 6
4.833343 5.334989 7
5.833343 6.334989 8
6.833343 7.334989 9
7.833343 8.334989 10
8.833344 9.334989 11
9.833344 10.334989 12
10.833344 11.334989 13
11.833344 12.334989 14
12.833344 13.334989 15
13.833344 14.334989 16
-0.085439 0.239250 2
0.914561 1.239250 3
1.914561 2.239250 4
2.914561 3.239250 5
3.914561 4.239250 6
4.914561 5.239250 7
5.914561 6.239250 8
6.914561 7.239250 9
7.914561 8.239250 10
8.914561 9.239250 11
9.914561 10.239250 12
10.914561 11.239250 13
11.914561 12.239250 14
12.914561 13.239250 15
13.914561 14.239250 16
-0.029823 0.141121 2
0.970177 1.141121 3
1.970178 2.141121 4
2.970177 3.141121 5
3.970177 4.141121 6
4.970178 5.141121 7
5.970178 6.141121 8
6.970178 7.141121 9
7.970178 8.141121 10
8.970178 9.141121 11
9.970178 10.141121 12
10.970178 11.141121 13
11.970178 12.141121 14
12.970178 13.141121 15
13.970178 14.141121 16
-0.002593 0.041581 2
0.997407 1.041582 3
1.997407 2.041581 4
2.997407 3.041581 5
3.997407 4.041582 6
4.997407 5.041582 7
5.997407 6.041582 8
6.997407 7.041582 9
7.997407 8.041581 10
8.997407 9.041581 11
9.997407 10.041581 12
10.997407 11.041581 13
11.997407 12.041581 14
12.997407 13.041581 15
13.997407 14.041581 16
-0.005110 -0.058373 2
0.994890 0.941627 3
1.994890 1.941627 4
2.994890 2.941627 5
3.994890 3.941627 6
4.994890 4.941627 7
5.994890 5.941627 8
6.994890 6.941627 9
7.994890 7.941627 10
8.994890 8.941627 11
9.994890 9.941627 12
10.994890 10.941627 13
11.994890 11.941627 14
12.994890 12.941627 15
13.994890 13.941627 16
-0.037247 -0.157745 2
0.962753 0.842255 3
1.962753 1.842255 4
2.962753 2.842255 5
3.962753 3.842255 6
4.962753 4.842255 7
5.962753 5.842255 8
6.962753 6.842255 9
7.962753 7.842255 10
8.962753 8.842256 11
9.962753 9.842256 12
10.962753 10.842256 13
11.962753 11.842256 14
12.962753 12.842256 15
13.962753 13.842256 16
-0.097400 -0.255540 2
0.902600 0.744460 3
1.902600 1.744460 4
2.902600 2.744460 5
3.902600 3.744460 6
4.902600 4.744460 7
5.902600 5.744460 8
6.902600 6.744460 9
7.902600 7.744460 10
8.902600 8.744460 11
9.902600 9.744460 12
10.902600 10.744460 13
11.902600 11.744460 14
12.902600 12.744460 15
13.902600 13.744460 16
-0.182553 -0.350782 2
0.817447 0.649218 3
1.817447 1.649218 4
2.817447 2.649218 5
3.817447 3.649218 6
4.817447 4.649218 7
5.817447 5.649218 8
6.817447 6.649218 9
7.817447 7.649218 10
8.817447 8.649218 11
9.817447 9.649218 12
10.817447 10.649218 13
11.817447 11.649218 14
12.817447 12.649218 15
13.817447 13.649218 16
-0.288406 -0.442519 2
0.711594 0.557481 3
1.711594 1.557481 4
2.711594 2.557481 5
3.711594 3.557481 6
4.711595 4.557481 7
5.711595 5.557481 8
6.711595 6.557481 9
7.711595 7.557481 10
8.711595 8.557481 11
9.711595 9.557481 12
10.711595 10.557481 13
11.711595 11.557481 14
12.711595 12.557481 15
13.711595 13.557481 16
-0.409551 -0.529835 2
0.590449 0.470165 3
1.590449 1.470165 4
2.590449 2.470165 5
3.590449 3.470165 6
4.590449 4.470165 7
5.590449 5.470165 8
6.590449 6.470165 9
7.590449 7.470165 10
8.590449 8.470165 11
9.590449 9.470165 12
10.590449 10.470165 13
11.590449 11.470165 14
12.590449 12.470165 15
13.590449 13.470165 16
-0.539706 -0.611857 2
0.460294 0.388143 3
1.460294 1.388143 4
2.460294 2.388143 5
3.460294 3.388143 6
4.460294 4.388143 7
5.460294 5.388143 8
6.460294 6.388143 9
7.460294 7.388143 10
8.460294 8.388144 11
9.460294 9.388144 12
10.460294 10.388144 13
11.460294 11.388144 14
12.460294 12.388144 15
13.460294 13.388144 16
-0.671975 -0.687765 2
0.328025 0.312235 3
1.328025 1.312235 4
2.328025 2.312235 5
3.328025 3.312235 6
4.328025 4.312235 7
5.328025 5.312235 8
6.328025 6.312235 9
7.328025 7.312235 10
8.328025 8.312235 11
9.328025 9.312235 12
10.328025 10.312235 13
11.328025 11.312235 14
12.328025 12.312235 15
13.328025 13.312235 16
-0.799142 -0.756801 2
0.200858 0.243199 3
1.200858 1.243199 4
2.200858 2.243199 5
3.200858 3.243199 6
4.200859 4.243198 7
5.200859 5.243198 8
6.200859 6.243198 9
7.200859 7.243198 10
8.200858 8.243198 11
9.200858 9.243198 12
10.200858 10.243198 13
11.200858 11.243198 14
12.200858 12.243198 15
13.200858 13.243198 16
-0.913977 -0.818276 2
0.086023 0.181724 3
1.086023 1.181724 4
2.086023 2.181724 5
3.086023 3.181724 6
4.086023 4.181724 7
5.086023 5.181724 8
6.086023 6.181724 9
7.086023 7.181724 10
8.086022 8.181724 11
9.086022 9.181724 12
10.086022 10.181724 13
11.086022 11.181724 14
12.086022 12.181724 15
13.086022 13.181724 16
-1.009548 -0.871575 2
-0.009548 0.128425 3
0.990452 1.128425 4
1.990452 2.128425 5
2.990452 3.128425 6
3.990452 4.128425 7
4.990452 5.128425 8
5.990452 6.128425 9
6.990452 7.128425 10
7.990452 8.128425 11
8.990452 9.128425 12
9.990452 10.128425 13
10.990452 11.128425 14
11.990452 12.128425 15
12.990452 13.128425 16
-1.079518 -0.916165 2
-0.079518 0.083835 3
0.920482 1.083835 4
1.920482 2.083835 5
2.920482 3.083835 6
3.920482 4.083835 7
4.920482 5.083835 8
5.920482 6.083835 9
6.920482 7.083835 10
7.920482 8.083835 11
8.920482 9.083835 12
9.920482 10.083835 13
10.920482 11.083835 14
11.920482 12.083835 15
12.920482 13.083835 16
-1.118425 -0.951602 2
-0.118425 0.048398 3
0.881575 1.048398 4
1.881575 2.048398 5
2.881574 3.048398 6
3.881574 4.048398 7
4.881575 5.048398 8
5.881575 6.048398 9
6.881575 7.048398 10
7.881575 8.048398 11
8.881575 9.048398 12
9.881575 10.048398 13
10.881575 11.048398 14
11.881575 12.048398 15
12.881575 13.048398 16
-1.121926 -0.977530 2
-0.121926 0.022470 3
0.878074 1.022470 4
1.878074 2.022470 5
2.878074 3.022470 6
3.878074 4.022470 7
4.878074 5.022470 8
5.878074 6.022470 9
6.878074 7.022470 10
7.878074 8.022470 11
8.878074 9.022470 12
9.878074 10.022470 13
10.878074 11.022470 14
11.878074 12.022470 15
12.878074 13.022470 16
-1.086997 -0.993691 2
-0.086997 0.006309 3
0.913003 1.006309 4
1.913003 2.006309 5
2.913003 3.006309 6
3.913003 4.006309 7
4.913003 5.006309 8
5.913003 6.006309 9
6.913003 7.006309 10
7.913003 8.006310 11
8.913003 9.006310 12
9.913003 10.006310 13
10.913003 11.006310 14
11.913003 12.006310 15
12.913003 13.006310 16
-1.012084 -0.999923 2
-0.012084 0.000077 3
0.987916 1.000077 4
1.987916 2.000077 5
2.987916 3.000077 6
3.987916 4.000077 7
4.987916 5.000077 8
5.987916 6.000077 9
6.987916 7.000077 10
7.987916 8.000076 11
8.987916 9.000076 12
9.987916 10.000076 13
10.987916 11.000076 14
11.987916 12.000076 15
12.987916 13.000076 16
-0.897192 -0.996165 2
0.102808 0.003835 3
1.102808 1.003835 4
2.102808 2.003835 5
3.102808 3.003835 6
4.102808 4.003835 7
5.102808 5.003835 8
6.102808 6.003835 9
7.102808 7.003835 10
8.102808 8.003835 11
9.102808 9.003835 12
10.102808 10.003835 13
11.102808 11.003835 14
12.102808 12.003835 15
13.102808 13.003835 16
-0.743918 -0.982453 2
0.256082 0.017547 3
1.256082 1.017547 4
2.256082 2.017547 5
3.256082 3.017547 6
4.256082 4.017547 7
5.256082 5.017547 8
6.256082 6.017547 9
7.256082 7.017547 10
8.256083 8.017547 11
9.256083 9.017547 12
10.256083 10.017547 13
11.256083 11.017547 14
12.256083 12.017547 15
13.256083 13.017547 16
-0.555414 -0.958925 2
0.444586 0.041075 3
1.444586 1.041075 4
2.444586 2.041075 5
3.444586 3.041075 6
4.444586 4.041075 7
5.444586 5.041075 8
6.444586 6.041075 9
7.444586 7.041075 10
8.444586 8.041075 11
9.444586 9.041075 12
10.444586 10.041075 13
11.444586 11.041075 14
12.444586 12.041075 15
13.444586 13.041075 16
-0.336294 -0.925816 2
0.663706 0.074184 3
1.663706 1.074184 4
2.663706 2.074184 5
3.663706 3.074184 6
4.663706 4.074184 7
5.663706 5.074184 8
6.663706 6.074184 9
7.663706 7.074184 10
8.663707 8.074184 11
9.663707 9.074184 12
10.663707 10.074184 13
11.663707 11.074184 14
12.663707 12.074184 15
13.663707 13.074184 16
-0.092474 -0.883456 2
0.907526 0.116544 3
1.907526 1.116544 4
2.907526 2.116544 5
3.907526 3.116544 6
4.907526 4.116544 7
5.907526 5.116544 8
6.907526 6.116544 9
7.907526 7.116544 10
8.907526 8.116544 11
9.907526 9.116544 12
10.907526 10.116544 13
11.907526 11.116544 14
12.907526 12.116544 15
13.907526 13.116544 16
0.169029 -0.832269 2
1.169029 0.167731 3
2.169029 1.167731 4
3.169029 2.167731 5
4.169029 3.167731 6
5.169029 4.167731 7
6.169029 5.167731 8
7.169029 6.167731 9
8.169029 7.167731 10
9.169029 8.167731 11
10.169029 9.167731 12
11.169029 10.167731 13
12.169029 11.167731 14
13.169029 12.167731 15
14.169029 13.167731 16
0.440355 -0.772766 2
1.440355 0.227234 3
2.440355 1.227234 4
3.440355 2.227234 5
4.440355 3.227234 6
5.440355 4.227234 7
6.440355 5.227234 8
7.440355 6.227234 9
8.440355 7.227234 10
9.440355 8.227234 11
10.440355 9.227234 12
11.440355 10.227234 13
12.440355 11.227234 14
13.440355 12.227234 15
14.440355 13.227234 16
0.713088 -0.705542 2
1.713088 0.294458 3
2.713088 1.294458 4
3.713088 2.294458 5
4.713088 3.294458 6
5.713088 4.294457 7
6.713088 5.294457 8
7.713088 6.294457 9
8.713088 7.294457 10
9.713088 8.294457 11
10.713088 9.294457 12
11.713088 10.294457 13
12.713088 11.294457 14
13.713088 12.294457 15
14.713088 13.294457 16
0.978563 -0.631269 2
1.978563 0.368731 3
2.978563 1.368731 4
3.978563 2.368731 5
4.978563 3.368731 6
5.978563 4.368731 7
6.978563 5.368731 8
7.978563 6.368731 9
8.978563 7.368731 10
9.978563 8.368731 11
10.978563 9.368731 12
11.978563 10.368731 13
12.978563 11.368731 14
13.978563 12.368731 15
14.978563 13.368731 16
1.228196 -0.550688 2
2.228196 0.449312 3
3.228196 1.449312 4
4.228196 2.449312 5
5.228196 3.449312 6
6.228196 4.449312 7
7.228196 5.449312 8
8.228196 6.449312 9
9.228196 7.449312 10
10.228196 8.449312 11
11.228196 9.449312 12
12.228196 10.449312 13
13.228196 11.449312 14
14.228196 12.449312 15
15.228196 13.449312 16
1.453802 -0.464605 2
2.453803 0.535395 3
3.453803 1.535395 4
4.453803 2.535395 5
5.453803 3.535395 6
6.453803 4.535395 7
7.453803 5.535395 8
8.453802 6.535395 9
9.453802 7.535395 10
10.453802 8.535395 11
11.453802 9.535395 12
12.453802 10.535395 13
13.453802 11.535395 14
14.453802 12.535395 15
15.453802 13.535395 16
1.647905 -0.373880 2
2.647905 0.626120 3
3.647905 1.626120 4
4.647905 2.626120 5
5.647905 3.626120 6
6.647905 4.626120 7
7.647905 5.626120 8
8.647905 6.626120 9
9.647905 7.626120 10
10.647905 8.626121 11
11.647905 9.626121 12
12.647905 10.626121 13
13.647905 11.626121 14
14.647905 12.626121 15
15.647905 13.626121 16
1.804020 -0.279419 2
2.804020 0.720581 3
3.804020 1.720581 4
4.804020 2.720581 5
5.804020 3.720581 6
6.804020 4.720582 7
7.804020 5.720582 8
8.804020 6.720582 9
9.804020 7.720582 10
10.804020 8.720581 11
11.804020 9.720581 12
12.804020 10.720581 13
13.804020 11.720581 14
14.804020 12.720581 15
15.804020 13.720581 16
1.916899 -0.182166 2
2.916899 0.817834 3
3.916899 1.817834 4
4.916899 2.817834 5
5.916899 3.817834 6
6.916899 4.817834 7
7.916899 5.817834 8
8.916899 6.817834 9
9.916899 7.817834 10
10.916899 8.817834 11
11.916899 9.817834 12
12.916899 10.817834 13
13.916899 11.817834 14
14.916899 12.817834 15
15.916899 13.817834 16
1.982733 -0.083093 2
2.982733 0.916907 3
3.982733 1.916907 4
4.982733 2.916907 5
5.982733 3.916907 6
6.982733 4.916907 7
7.982733 5.916907 8
8.982733 6.916907 9
9.982733 7.916907 10
10.982733 8.916907 11
11.982733 9.916907 12
12.982733 10.916907 13
13.982733 11.916907 14
14.982733 12.916907 15
15.982733 13.916907 16
1.999294 0.016810 2
2.999294 1.016810 3
3.999294 2.016810 4
4.999293 3.016810 5
5.999293 4.016810 6
6.999293 5.016810 7
7.999293 6.016810 8
8.999293 7.016810 9
9.999293 8.016810 10
10.999293 9.016810 11
11.999293 10.016810 12
12.999293 11.016810 13
13.999293 12.016810 14
14.999293 13.016810 15
15.999293 14.016810 16
1.966020 0.116546 2
2.966020 1.116546 3
3.966020 2.116545 4
4.966020 3.116545 5
5.966020 4.116546 6
6.966020 5.116546 7
7.966020 6.116546 8
8.966020 7.116546 9
9.966020 8.116546 10
10.966020 9.116546 11
11.966020 10.116546 12
12.966020 11.116546 13
13.966020 12.116546 14
14.966020 13.116546 15
15.966020 14.116546 16
1.884038 0.215116 2
2.884038 1.215116 3
3.884038 2.215116 4
4.884038 3.215116 5
5.884038 4.215117 6
6.884038 5.215117 7
7.884038 6.215117 8
8.884038 7.215117 9
9.884038 8.215117 10
10.884038 9.215117 11
11.884038 10.215117 12
12.884038 11.215117 13
13.884038 12.215117 14
14.884038 13.215117 15
15.884038 14.215117 16
1.756122 0.311538 2
2.756122 1.311538 3
3.756122 2.311538 4
4.756123 3.311538 5
5.756123 4.311538 6
6.756123 5.311538 7
7.756123 6.311538 8
8.756123 7.311538 9
9.756123 8.311538 10
10.756123 9.311538 11
11.756123 10.311538 12
12.756123 11.311538 13
13.756123 12.311538 14
14.756123 13.311538 15
15.756123 14.311538 16
1.586584 0.404846 2
2.586584 1.404846 3
3.586584 2.404846 4
4.586584 3.404846 5
5.586584 4.404846 6
6.586584 5.404846 7
7.586584 6.404846 8
8.586584 7.404846 9
9.586584 8.404846 10
10.586584 9.404846 11
11.586584 10.404846 12
12.586584 11.404846 13
13.586584 12.404846 14
14.586584 13.404846 15
15.586584 14.404846 16
1.381111 0.494110 2
2.381111 1.494110 3
3.381111 2.494110 4
4.381111 3.494110 5
5.381111 4.494110 6
6.381111 5.494110 7
7.381111 6.494110 8
8.381110 7.494110 9
9.381110 8.494110 10
10.381110 9.494110 11
11.381110 10.494110 12
12.381110 11.494110 13
13.381110 12.494110 14
14.381110 13.494110 15
15.381110 14.494110 16
1.146550 0.578436 2
2.146550 1.578436 3
3.146550 2.578436 4
4.146550 3.578436 5
5.146550 4.578436 6
6.146550 5.578436 7
7.146550 6.578436 8
8.146550 7.578436 9
9.146550 8.578436 10
10.146550 9.578436 11
11.146550 10.578436 12
12.146550 11.578436 13
13.146550 12.578436 14
14.146550 13.578436 15
15.146550 14.578436 16
0.890651 0.656983 2
1.890651 1.656983 3
2.890651 2.656983 4
3.890651 3.656983 5
4.890651 4.656983 6
5.890651 5.656983 7
6.890651 6.656983 8
7.890651 7.656983 9
8.890651 8.656983 10
9.890651 9.656983 11
10.890651 10.656983 12
11.890651 11.656983 13
12.890651 12.656983 14
13.890651 13.656983 15
14.890651 14.656983 16
0.621767 0.728966 2
1.621767 1.728966 3
2.621767 2.728966 4
3.621767 3.728966 5
4.621767 4.728966 6
5.621767 5.728966 7
6.621767 6.728966 8
7.621767 7.728966 9
8.621767 8.728966 10
9.621767 9.728966 11
10.621767 10.728966 12
11.621767 11.728966 13
12.621767 12.728966 14
13.621767 13.728966 15
14.621767 14.728966 16
0.348546 0.793665 2
1.348546 1.793665 3
2.348546 2.793665 4
3.348546 3.793665 5
4.348546 4.793665 6
5.348546 5.793665 7
6.348546 6.793665 8
7.348546 7.793665 9
8.348546 8.793665 10
9.348546 9.793665 11
10.348546 10.793665 12
11.348546 11.793665 13
12.348546 12.793665 14
13.348546 13.793665 15
14.348546 14.793665 16
0.079605 0.850434 2
1.079605 1.850434 3
2.079605 2.850434 4
3.079605 3.850434 5
4.079605 4.850434 6
5.079605 5.850434 7
6.079605 6.850434 8
7.079605 7.850434 9
8.079605 8.850434 10
9.079605 9.850434 11
10.079605 10.850434 12
11.079605 11.850434 13
12.079605 12.850434 14
13.079605 13.850434 15
14.079605 14.850434 16
-0.176794 0.898706 2
0.823206 1.898706 3
1.823206 2.898706 4
2.823206 3.898706 5
3.823206 4.898706 6
4.823206 5.898706 7
5.823206 6.898706 8
6.823206 7.898706 9
7.823206 8.898706 10
8.823206 9.898706 11
9.823206 10.898706 12
10.823206 11.898706 13
11.823206 12.898706 14
12.823206 13.898706 15
13.823206 14.898706 16
-0.413042 0.937998 2
0.586958 1.937998 3
1.586958 2.937998 4
2.586958 3.937998 5
3.586958 4.937998 6
4.586958 5.937998 7
5.586958 6.937998 8
6.586958 7.937998 9
7.586958 8.937999 10
8.586958 9.937999 11
9.586958 10.937999 12
10.586958 11.937999 13
11.586958 12.937999 14
12.586958 13.937999 15
13.586958 14.937999 16
-0.622468 0.967918 2
0.377532 1.967918 3
1.377532 2.967918 4
2.377532 3.967918 5
3.377532 4.967918 6
4.377532 5.967918 7
5.377532 6.967918 8
6.377532 7.967918 9
7.377532 8.967918 10
8.377532 9.967918 11
9.377532 10.967918 12
10.377532 11.967918 13
11.377532 12.967918 14
12.377532 13.967918 15
13.377532 14.967918 16
-0.799571 0.988167 2
0.200429 1.988168 3
1.200429 2.988168 4
2.200429 3.988168 5
3.200429 4.988167 6
4.200429 5.988167 7
5.200429 6.988167 8
6.200429 7.988167 9
7.200429 8.988168 10
8.200429 9.988168 11
9.200429 10.988168 12
10.200429 11.988168 13
11.200429 12.988168 14
12.200429 13.988168 15
13.200429 14.988168 16
-0.940216 0.998543 2
0.059784 1.998543 3
1.059784 2.998543 4
2.059784 3.998543 5
3.059784 4.998543 6
4.059784 5.998543 7
5.059784 6.998543 8
6.059784 7.998543 9
7.059784 8.998543 10
8.059784 9.998543 11
9.059784 10.998543 12
10.059784 11.998543 13
11.059784 12.998543 14
12.059784 13.998543 15
13.059784 14.998543 16
-1.041766 0.998942 2
-0.041766 1.998942 3
0.958234 2.998942 4
1.958234 3.998942 5
2.958235 4.998941 6
3.958235 5.998941 7
4.958234 6.998941 8
5.958234 7.998941 9
6.958234 8.998941 10
7.958234 9.998941 11
8.958235 10.998941 12
9.958235 11.998941 13
10.958235 12.998941 14
11.958235 13.998941 15
12.958235 14.998941 16
-1.103157 0.989359 2
-0.103157 1.989359 3
0.896843 2.989359 4
1.896843 3.989359 5
2.896843 4.989359 6
3.896843 5.989359 7
4.896842 6.989359 8
5.896842 7.989359 9
6.896842 8.989359 10
7.896842 9.989359 11
8.896843 10.989359 12
9.896843 11.989359 13
10.896843 12.989359 14
11.896843 13.989359 15
12.896843 14.989359 16
-1.124917 0.969891 2
-0.124917 1.969891 3
0.875084 2.969891 4
1.875083 3.969891 5
2.875083 4.969891 6
3.875083 5.969891 7
4.875083 6.969891 8
5.875083 7.969891 9
6.875083 8.969892 10
7.875083 9.969892 11
8.875084 10.969892 12
9.875084 11.969892 13
10.875084 12.969892 14
11.875084 13.969892 15
12.875084 14.969892 16
-1.109105 0.940732 2
-0.109104 1.940732 3
0.890895 2.940732 4
1.890895 3.940732 5
2.890896 4.940732 6
3.890896 5.940732 7
4.890895 6.940732 8
5.890895 7.940732 9
6.890895 8.940732 10
7.890895 9.940732 11
8.890896 10.940732 12
9.890896 11.940732 13
10.890896 12.940732 14
11.890896 13.940732 15
12.890896 14.940732 16
-1.059208 0.902174 2
-0.059208 1.902174 3
0.940792 2.902174 4
1.940792 3.902174 5
2.940792 4.902174 6
3.940792 5.902174 7
4.940792 6.902174 8
5.940792 7.902174 9
6.940792 8.902174 10
7.940792 9.902174 11
8.940792 10.902174 12
9.940792 11.902174 13
10.940792 12.902174 14
11.940792 13.902174 15
12.940792 14.902174 16
-0.979971 0.854601 2
0.020029 1.854601 3
1.020029 2.854601 4
2.020029 3.854601 5
3.020029 4.854601 6
4.020029 5.854601 7
5.020029 6.854601 8
6.020029 7.854601 9
7.020029 8.854601 10
8.020029 9.854601 11
9.020029 10.854601 12
10.020029 11.854601 13
11.020029 12.854601 14
12.020029 13.854601 15
13.020029 14.854601 16
-0.877180 0.798489 2
0.122820 1.798489 3
1.122820 2.798489 4
2.122820 3.798489 5
3.122820 4.798490 6
4.122820 5.798490 7
5.122820 6.798490 8
6.122820 7.798490 9
7.122820 8.798490 10
8.122821 9.798490 11
9.122821 10.798490 12
10.122821 11.798490 13
11.122821 12.798490 14
12.122821 13.798490 15
13.122821 14.798490 16
-0.757403 0.734399 2
0.242597 1.734399 3
1.242597 2.734399 4
2.242597 3.734399 5
3.242597 4.734399 6
4.242598 5.734399 7
5.242598 6.734399 8
6.242598 7.734399 9
7.242598 8.734400 10
8.242598 9.734400 11
9.242598 10.734400 12
10.242598 11.734400 13
11.242598 12.734400 14
12.242598 13.734400 15
13.242598 14.734400 16
-0.627707 0.662971 2
0.372293 1.662971 3
1.372293 2.662971 4
2.372293 3.662971 5
3.372293 4.662971 6
4.372293 5.662971 7
5.372293 6.662971 8
6.372293 7.662971 9
7.372293 8.662971 10
8.372293 9.662971 11
9.372293 10.662971 12
10.372293 11.662971 13
11.372293 12.662971 14
12.372293 13.662971 15
13.372293 14.662971 16
-0.495353 0.584919 2
0.504647 1.584919 3
1.504647 2.584919 4
2.504647 3.584919 5
3.504647 4.584919 6
4.504647 5.584919 7
5.504647 6.584919 8
6.504647 7.584919 9
7.504647 8.584919 10
8.504647 9.584919 11
9.504647 10.584919 12
10.504647 11.584919 13
11.504647 12.584919 14
12.504647 13.584919 15
13.504647 14.584919 16
-0.367482 0.501023 2
0.632518 1.501023 3
1.632518 2.501023 4
2.632518 3.501023 5
3.632518 4.501023 6
4.632518 5.501023 7
5.632518 6.501023 8
6.632518 7.501023 9
7.632518 8.501023 10
8.632518 9.501023 11
9.632518 10.501023 12
10.632518 11.501023 13
11.632518 12.501023 14
12.632518 13.501023 15
13.632518 14.501023 16
-0.250816 0.412120 2
0.749184 1.412120 3
1.749184 2.412120 4
2.749184 3.412120 5
3.749184 4.412120 6
4.749184 5.412120 7
5.749184 6.412120 8
6.749184 7.412120 9
7.749184 8.412120 10
8.749185 9.412120 11
9.749185 10.412120 12
10.749185 11.412120 13
11.749185 12.412120 14
12.749185 13.412120 15
13.749185 14.412120 16
-0.151370 0.319100 2
0.848630 1.319100 3
1.848629 2.319100 4
2.848629 3.319100 5
3.848629 4.319100 6
4.848629 5.319100 7
5.848629 6.319100 8
6.848629 7.319100 9
7.848629 8.319099 10
8.848630 9.319099 11
9.848630 10.319099 12
10.848630 11.319099 13
11.848630 12.319099 14
12.848630 13.319099 15
13.848630 14.319099 16
-0.074204 0.222891 2
0.925796 1.222891 3
1.925796 2.222891 4
2.925796 3.222891 5
3.925796 4.222891 6
4.925796 5.222891 7
5.925796 6.222891 8
6.925796 7.222891 9
7.925796 8.222891 10
8.925796 9.222891 11
9.925796 10.222891 12
10.925796 11.222891 13
11.925796 12.222891 14
12.925796 13.222891 15
13.925796 14.222891 16
-0.023203 0.124455 2
0.976797 1.124455 3
1.976797 2.124455 4
2.976797 3.124455 5
3.976797 4.124455 6
4.976797 5.124455 7
5.976797 6.124455 8
6.976797 7.124455 9
7.976797 8.124455 10
8.976796 9.124455 11
9.976796 10.124455 12
10.976796 11.124455 13
11.976796 12.124455 14
12.976796 13.124455 15
13.976796 14.124455 16
-0.000921 0.024776 2
0.999079 1.024776 3
1.999079 2.024776 4
2.999079 3.024776 5
3.999079 4.024776 6
4.999079 5.024776 7
5.999079 6.024776 8
6.999079 7.024776 9
7.999079 8.024776 10
8.999080 9.024776 11
9.999080 10.024776 12
10.999080 11.024776 13
11.999080 12.024776 14
12.999080 13.024776 15
13.999080 14.024776 16
-0.008468 -0.075151 2
0.991532 0.924849 3
1.991532 1.924849 4
2.991533 2.924849 5
3.991533 3.924849 6
4.991532 4.924849 7
5.991532 5.924849 8
6.991532 6.924849 9
7.991532 7.924849 10
8.991532 8.924849 11
9.991532 9.924849 12
10.991532 10.924849 13
11.991532 11.924849 14
12.991532 12.924849 15
13.991532 13.924849 16
-0.045468 -0.174327 2
0.954532 0.825673 3
1.954532 1.825673 4
2.954532 2.825673 5
3.954532 3.825673 6
4.954532 4.825673 7
5.954532 5.825673 8
6.954532 6.825673 9
7.954532 7.825673 10
8.954533 8.825673 11
9.954533 9.825673 12
10.954533 10.825673 13
11.954533 11.825673 14
12.954533 12.825673 15
13.954533 13.825673 16
-0.110073 -0.271761 2
0.889927 0.728239 3
1.889927 1.728239 4
2.889927 2.728239 5
3.889927 3.728239 6
4.889927 4.728239 7
5.889927 5.728239 8
6.889927 6.728239 9
7.889927 7.728239 10
8.889927 8.728239 11
9.889927 9.728239 12
10.889927 10.728239 13
11.889927 11.728239 14
12.889927 12.728239 15
13.889927 13.728239 16
-0.199041 -0.366480 2
0.800959 0.633520 3
1.800959 1.633520 4
2.800959 2.633520 5
3.800959 3.633520 6
4.800959 4.633520 7
5.800959 5.633520 8
6.800959 6.633520 9
7.800959 7.633520 10
8.800959 8.633520 11
9.800959 9.633520 12
10.800959 10.633520 13
11.800959 11.633520 14
12.800959 12.633520 15
13.800959 13.633520 16
-0.307871 -0.457537 2
0.692129 0.542463 3
1.692129 1.542463 4
2.692129 2.542463 5
3.692129 3.542463 6
4.692129 4.542463 7
5.692129 5.542463 8
6.692129 6.542463 9
7.692129 7.542463 10
8.692129 8.542462 11
9.692129 9.542462 12
10.692129 10.542462 13
11.692129 11.542462 14
12.692129 12.542462 15
13.692129 13.542462 16
-0.430992 -0.544023 2
0.569008 0.455977 3
1.569008 1.455977 4
2.569008 2.455977 5
3.569008 3.455977 6
4.569008 4.455977 7
5.569008 5.455977 8
6.569008 6.455977 9
7.569008 7.455977 10
8.569008 8.455977 11
9.569008 9.455977 12
10.569008 10.455977 13
11.569008 11.455977 14
12.569008 12.455977 15
13.569008 13.455977 16
-0.561998 -0.625072 2
0.438002 0.374928 3
1.438002 1.374928 4
2.438002 2.374928 5
3.438002 3.374928 6
4.438002 4.374928 7
5.438002 5.374928 8
6.438002 6.374928 9
7.438002 7.374928 10
8.438003 8.374928 11
9.438003 9.374928 12
10.438003 10.374928 13
11.438003 11.374928 14
12.438003 12.374928 15
13.438003 13.374928 16
-0.693918 -0.699877 2
0.306082 0.300123 3
1.306082 1.300123 4
2.306082 2.300123 5
3.306082 3.300123 6
4.306082 4.300123 7
5.306082 5.300123 8
6.306082 6.300123 9
7.306082 7.300123 10
8.306082 8.300123 11
9.306082 9.300123 12
10.306082 10.300123 13
11.306082 11.300123 14
12.306082 12.300123 15
13.306082 13.300123 16
-0.819513 -0.767688 2
0.180487 0.232312 3
1.180487 1.232312 4
2.180487 2.232312 5
3.180487 3.232312 6
4.180487 4.232312 7
5.180487 5.232312 8
6.180487 6.232312 9
7.180487 7.232312 10
8.180487 8.232312 11
9.180487 9.232312 12
10.180487 10.232312 13
11.180487 11.232312 14
12.180487 12.232312 15
13.180487 13.232312 16
-0.931581 -0.827828 2
0.068419 0.172172 3
1.068419 1.172172 4
2.068419 2.172172 5
3.068419 3.172172 6
4.068419 4.172172 7
5.068419 5.172172 8
6.068419 6.172172 9
7.068419 7.172172 10
8.068419 8.172172 11
9.068419 9.172172 12
10.068419 10.172172 13
11.068419 11.172172 14
12.068419 12.172172 15
13.068419 13.172172 16
-1.023269 -0.879698 2
-0.023269 0.120302 3
0.976731 1.120302 4
1.976731 2.120302 5
2.976731 3.120302 6
3.976731 4.120302 7
4.976731 5.120302 8
5.976731 6.120302 9
6.976731 7.120302 10
7.976731 8.120302 11
8.976730 9.120302 12
9.976730 10.120302 13
10.976730 11.120302 14
11.976730 12.120302 15
12.976730 13.120302 16
-1.088369 -0.922777 2
-0.088369 0.077223 3
0.911631 1.077223 4
1.911631 2.077223 5
2.911631 3.077223 6
3.911631 4.077223 7
4.911631 5.077223 8
5.911631 6.077223 9
6.911631 7.077223 10
7.911631 8.077223 11
8.911631 9.077223 12
9.911631 10.077223 13
10.911631 11.077223 14
11.911631 12.077223 15
12.911631 13.077223 16
-1.121591 -0.956636 2
-0.121591 0.043364 3
0.878409 1.043364 4
1.878409 2.043364 5
2.878409 3.043364 6
3.878409 4.043364 7
4.878409 5.043364 8
5.878409 6.043364 9
6.878409 7.043364 10
7.878409 8.043364 11
8.878408 9.043364 12
9.878408 10.043364 13
10.878408 11.043364 14
11.878408 12.043364 15
12.878408 13.043364 16
-1.118801 -0.980937 2
-0.118801 0.019063 3
0.881199 1.019063 4
1.881199 2.019063 5
2.881199 3.019063 6
3.881199 4.019063 7
4.881199 5.019063 8
5.881199 6.019063 9
6.881199 7.019063 10
7.881199 8.019063 11
8.881200 9.019063 12
9.881200 10.019063 13
10.881200 11.019063 14
11.881200 12.019063 15
12.881200 13.019063 16
-1.077212 -0.995437 2
-0.077212 0.004563 3
0.922788 1.004563 4
1.922788 2.004563 5
2.922788 3.004563 6
3.922788 4.004563 7
4.922788 5.004563 8
5.922788 6.004563 9
6.922788 7.004563 10
7.922788 8.004563 11
8.922788 9.004563 12
9.922788 10.004563 13
10.922788 11.004563 14
11.922788 12.004563 15
12.922788 13.004563 16
-0.995529 -0.999990 2
0.004471 0.000010 3
1.004471 1.000010 4
2.004471 2.000010 5
3.004471 3.000010 6
4.004471 4.000010 7
5.004471 5.000010 8
6.004471 6.000010 9
7.004471 7.000010 10
8.004471 8.000010 11
9.004471 9.000010 12
10.004471 10.000010 13
11.004471 11.000010 14
12.004471 12.000010 15
13.004471 13.000010 16
-0.874025 -0.994552 2
0.125975 0.005448 3
1.125975 1.005448 4
2.125975 2.005448 5
3.125975 3.005448 6
4.125975 4.005448 7
5.125975 5.005448 8
6.125975 6.005448 9
7.125975 7.005448 10
8.125975 8.005448 11
9.125975 9.005448 12
10.125975 10.005448 13
11.125975 11.005448 14
12.125975 12.005448 15
13.125975 13.005448 16
-0.714562 -0.979176 2
0.285438 0.020824 3
1.285438 1.020824 4
2.285438 2.020823 5
3.285438 3.020823 6
4.285439 4.020823 7
5.285439 5.020823 8
6.285439 6.020823 9
7.285439 7.020823 10
8.285439 8.020823 11
9.285439 9.020823 12
10.285439 10.020823 13
11.285439 11.020823 14
12.285439 12.020823 15
13.285439 13.020823 16
-0.520546 -0.954017 2
0.479454 0.045983 3
1.479454 1.045983 4
2.479454 2.045983 5
3.479454 3.045983 6
4.479455 4.045983 7
5.479455 5.045983 8
6.479455 6.045983 9
7.479455 7.045983 10
8.479454 8.045982 11
9.479454 9.045982 12
10.479454 10.045982 13
11.479454 11.045982 14
12.479454 12.045982 15
13.479454 13.045982 16
-0.296822 -0.919326 2
0.703178 0.080674 3
1.703178 1.080674 4
2.703178 2.080674 5
3.703178 3.080674 6
4.703178 4.080674 7
5.703178 5.080674 8
6.703178 6.080674 9
7.703178 7.080674 10
8.703178 8.080674 11
9.703178 9.080674 12
10.703178 10.080674 13
11.703178 11.080674 14
12.703178 12.080674 15
13.703178 13.080674 16
-0.049509 -0.875448 2
0.950491 0.124552 3
1.950491 1.124552 4
2.950491 2.124552 5
3.950491 3.124552 6
4.950491 4.124551 7
5.950491 5.124551 8
6.950491 6.124551 9
7.950491 7.124551 10
8.950491 8.124552 11
9.950491 9.124552 12
10.950491 10.124552 13
11.950491 11.124552 14
12.950491 12.124552 15
13.950491 13.124552 16
0.214217 -0.822824 2
1.214217 0.177176 3
2.214217 1.177176 4
3.214217 2.177176 5
4.214217 3.177176 6
5.214217 4.177176 7
6.214217 5.177176 8
7.214217 6.177176 9
8.214217 7.177176 10
9.214217 8.177176 11
10.214217 9.177176 12
11.214217 10.177176 13
12.214217 11.177176 14
13.214217 12.177176 15
14.214217 13.177176 16
0.486381 -0.761978 2
1.486381 0.238022 3
2.486381 1.238022 4
3.486381 2.238022 5
4.486382 3.238022 6
5.486382 4.238022 7
6.486382 5.238022 8
7.486382 6.238022 9
8.486382 7.238022 10
9.486382 8.238022 11
10.486382 9.238022 12
11.486382 10.238022 13
12.486382 11.238022 14
13.486382 12.238022 15
14.486382 13.238022 16
0.758502 -0.693519 2
1.758502 0.306481 3
2.758502 1.306481 4
3.758502 2.306481 5
4.758502 3.306481 6
5.758502 4.306481 7
6.758502 5.306481 8
7.758502 6.306481 9
8.758502 7.306481 10
9.758502 8.306481 11
10.758502 9.306481 12
11.758502 10.306481 13
12.758502 11.306481 14
13.758502 12.306481 15
14.758502 13.306481 16
1.021907 -0.618130 2
2.021907 0.381870 3
3.021907 1.381870 4
4.021907 2.381870 5
5.021907 3.381870 6
6.021907 4.381870 7
7.021907 5.381870 8
8.021907 6.381870 9
9.021907 7.381870 10
10.021907 8.381870 11
11.021907 9.381870 12
12.021907 10.381870 13
13.021907 11.381870 14
14.021907 12.381870 15
15.021907 13.381870 16
1.268055 -0.536565 2
2.268055 0.463435 3
3.268055 1.463435 4
4.268055 2.463435 5
5.268055 3.463435 6
6.268055 4.463435 7
7.268055 5.463435 8
8.268055 6.463435 9
9.268055 7.463435 10
10.268055 8.463435 11
11.268055 9.463435 12
12.268055 10.463435 13
13.268055 11.463435 14
14.268055 12.463435 15
15.268055 13.463435 16
1.488861 -0.449639 2
2.488861 0.550361 3
3.488861 1.550361 4
4.488861 2.550361 5
5.488861 3.550361 6
6.488861 4.550361 7
7.488861 5.550361 8
8.488861 6.550361 9
9.488861 7.550361 10
10.488861 8.550362 11
11.488861 9.550362 12
12.488861 10.550362 13
13.488861 11.550362 14
14.488861 12.550362 15
15.488861 13.550362 16
1.676995 -0.358220 2
2.676995 0.641780 3
3.676995 1.641780 4
4.676995 2.641780 5
5.676995 3.641780 6
6.676995 4.641780 7
7.676995 5.641780 8
8.676994 6.641780 9
9.676994 7.641780 10
10.676994 8.641780 11
11.676994 9.641780 12
12.676994 10.641780 13
13.676994 11.641780 14
14.676994 12.641780 15
15.676994 13.641780 16
1.826164 -0.263221 2
2.826164 0.736778 3
3.826164 1.736778 4
4.826164 2.736778 5
5.826164 3.736778 6
6.826164 4.736779 7
7.826164 5.736779 8
8.826164 6.736779 9
9.826164 7.736779 10
10.826164 8.736778 11
11.826164 9.736778 12
12.826164 10.736778 13
13.826164 11.736778 14
14.826164 12.736778 15
15.826164 13.736778 16
1.931352 -0.165593 2
2.931352 0.834407 3
3.931352 1.834407 4
4.931352 2.834407 5
5.931352 3.834407 6
6.931352 4.834407 7
7.931352 5.834407 8
8.931352 6.834407 9
9.931352 7.834407 10
10.931352 8.834407 11
11.931352 9.834407 12
12.931352 10.834407 13
13.931352 11.834407 14
14.931352 12.834407 15
15.931352 13.834407 16
1.989005 -0.066310 2
2.989005 0.933690 3
3.989005 1.933689 4
4.989005 2.933690 5
5.989005 3.933690 6
6.989005 4.933690 7
7.989005 5.933690 8
8.989005 6.933690 9
9.989005 7.933690 10
10.989005 8.933689 11
11.989005 9.933689 12
12.989005 10.933689 13
13.989005 11.933689 14
14.989005 12.933689 15
15.989005 13.933689 16
1.997172 0.033635 2
2.997172 1.033635 3
3.997172 2.033635 4
4.997171 3.033635 5
5.997171 4.033635 6
6.997171 5.033635 7
7.997171 6.033635 8
8.997171 7.033635 9
9.997171 8.033635 10
10.997171 9.033635 11
11.997171 10.033635 12
12.997171 11.033635 13
13.997171 12.033635 14
14.997171 13.033635 15
15.997171 14.033635 16
1.955575 0.133244 2
2.955575 1.133244 3
3.955575 2.133244 4
4.955575 3.133244 5
5.955575 4.133244 6
6.955575 5.133244 7
7.955575 6.133244 8
8.955575 7.133244 9
9.955575 8.133245 10
10.955575 9.133245 11
11.955575 10.133245 12
12.955575 11.133245 13
13.955575 12.133245 14
14.955575 13.133245 15
15.955575 14.133245 16
1.865625 0.231522 2
2.865625 1.231522 3
3.865625 2.231522 4
4.865625 3.231522 5
5.865625 4.231522 6
6.865625 5.231522 7
7.865625 6.231522 8
8.865624 7.231522 9
9.865624 8.231522 10
10.865624 9.231522 11
11.865624 10.231522 12
12.865624 11.231522 13
13.865624 12.231522 14
14.865624 13.231522 15
15.865624 14.231522 16
1.730361 0.327487 2
2.730361 1.327487 3
3.730361 2.327487 4
4.730361 3.327487 5
5.730361 4.327487 6
6.730361 5.327487 7
7.730361 6.327487 8
8.730361 7.327487 9
9.730361 8.327487 10
10.730361 9.327487 11
11.730361 10.327487 12
12.730361 11.327487 13
13.730361 12.327487 14
14.730361 13.327487 15
15.730361 14.327487 16
1.554340 0.420179 2
2.554340 1.420179 3
3.554340 2.420179 4
4.554340 3.420179 5
5.554340 4.420179 6
6.554340 5.420179 7
7.554340 6.420179 8
8.554340 7.420179 9
9.554340 8.420179 10
10.554340 9.420179 11
11.554340 10.420179 12
12.554340 11.420179 13
13.554340 12.420179 14
14.554340 13.420179 15
15.554340 14.420179 16
1.343463 0.508673 2
2.343463 1.508673 3
3.343463 2.508673 4
4.343462 3.508673 5
5.343462 4.508673 6
6.343462 5.508673 7
7.343462 6.508673 8
8.343463 7.508673 9
9.343463 8.508674 10
10.343463 9.508674 11
11.343463 10.508674 12
12.343463 11.508674 13
13.343463 12.508674 14
14.343463 13.508674 15
15.343463 14.508674 16
1.104747 0.592085 2
2.104747 1.592085 3
3.104747 2.592085 4
4.104746 3.592085 5
5.104746 4.592085 6
6.104746 5.592085 7
7.104746 6.592085 8
8.104747 7.592085 9
9.104747 8.592085 10
10.104747 9.592085 11
11.104747 10.592085 12
12.104747 11.592085 13
13.104747 12.592085 14
14.104747 13.592085 15
15.104747 14.592085 16
0.846063 0.669581 2
1.846063 1.669581 3
2.846063 2.669580 4
3.846063 3.669580 5
4.846063 4.669580 6
5.846063 5.669580 7
6.846063 6.669580 8
7.846063 7.669580 9
8.846064 8.669580 10
9.846064 9.669580 11
10.846064 10.669580 12
11.846064 11.669580 13
12.846064 12.669580 14
13.846064 13.669580 15
14.846064 14.669580 16
0.575840 0.740386 2
1.575840 1.740386 3
2.575840 2.740386 4
3.575840 3.740386 5
4.575840 4.740386 6
5.575840 5.740386 7
6.575840 6.740386 8
7.575840 7.740386 9
8.575840 8.740386 10
9.575840 9.740386 11
10.575840 10.740386 12
11.575840 11.740386 13
12.575840 12.740386 14
13.575840 13.740386 15
14.575840 14.740386 16
0.302740 0.803793 2
1.302740 1.803794 3
2.302740 2.803793 4
3.302740 3.803793 5
4.302741 4.803793 6
5.302741 5.803793 7
6.302741 6.803793 8
7.302741 7.803793 9
8.302740 8.803794 10
9.302740 9.803794 11
10.302740 10.803794 12
11.302740 11.803794 13
12.302740 12.803794 14
13.302740 13.803794 15
14.302740 14.803794 16
0.035345 0.859170 2
1.035345 1.859170 3
2.035345 2.859170 4
3.035345 3.859170 5
4.035345 4.859170 6
5.035345 5.859170 7
6.035345 6.859170 8
7.035345 7.859170 9
8.035345 8.859170 10
9.035345 9.859170 11
10.035345 10.859170 12
11.035345 11.859170 13
12.035345 12.859170 14
13.035345 13.859170 15
14.035345 14.859170 16
-0.218173 0.905962 2
0.781827 1.905962 3
1.781827 2.905962 4
2.781827 3.905962 5
3.781827 4.905962 6
4.781827 5.905962 7
5.781827 6.905962 8
6.781827 7.905962 9
7.781827 8.905962 10
8.781828 9.905962 11
9.781828 10.905962 12
10.781828 11.905962 13
11.781828 12.905962 14
12.781828 13.905962 15
13.781828 14.905962 16
-0.450344 0.943701 2
0.549656 1.943701 3
1.549656 2.943701 4
2.549656 3.943701 5
3.549656 4.943701 6
4.549656 5.943701 7
5.549656 6.943701 8
6.549656 7.943701 9
7.549656 8.943701 10
8.549656 9.943701 11
9.549656 10.943701 12
10.549656 11.943701 13
11.549656 12.943701 14
12.549656 13.943701 15
13.549656 14.943701 16
-0.654679 0.972011 2
0.345321 1.972011 3
1.345321 2.972011 4
2.345321 3.972011 5
3.345321 4.972012 6
4.345321 5.972012 7
5.345321 6.972012 8
6.345321 7.972012 9
7.345321 8.972012 10
8.345321 9.972012 11
9.345321 10.972012 12
10.345321 11.972012 13
11.345321 12.972012 14
12.345321 13.972012 15
13.345321 14.972012 16
-0.825895 0.990610 2
0.174105 1.990610 3
1.174105 2.990610 4
2.174105 3.990610 5
3.174105 4.990610 6
4.174105 5.990610 7
5.174105 6.990610 8
6.174105 7.990610 9
7.174105 8.990610 10
8.174105 9.990610 11
9.174105 10.990610 12
10.174105 11.990610 13
11.174105 12.990610 14
12.174105 13.990610 15
13.174105 14.990610 16
-0.960100 0.999310 2
0.039900 1.999310 3
1.039900 2.999310 4
2.039900 3.999310 5
3.039900 4.999310 6
4.039900 5.999310 7
5.039900 6.999310 8
6.039900 7.999310 9
7.039900 8.999310 10
8.039900 9.999310 11
9.039900 10.999310 12
10.039900 11.999310 13
11.039900 12.999310 14
12.039900 13.999310 15
13.039900 14.999310 16
-1.054919 0.998026 2
-0.054920 1.998026 3
0.945080 2.998025 4
1.945081 3.998025 5
2.945081 4.998025 6
3.945081 5.998025 7
4.945080 6.998025 8
5.945080 7.998025 9
6.945080 8.998026 10
7.945080 9.998026 11
8.945081 10.998026 12
9.945081 11.998026 13
10.945081 12.998026 14
11.945081 13.998026 15
12.945081 14.998026 16
-1.109559 0.986769 2
-0.109559 1.986769 3
0.890441 2.986769 4
1.890441 3.986769 5
2.890441 4.986769 6
3.890441 5.986769 7
4.890441 6.986769 8
5.890441 7.986769 9
6.890441 8.986769 10
7.890441 9.986769 11
8.890441 10.986769 12
9.890441 11.986769 13
10.890441 12.986769 14
11.890441 13.986769 15
12.890441 14.986769 16
-1.124807 0.965653 2
-0.124807 1.965653 3
0.875193 2.965653 4
1.875193 3.965653 5
2.875193 4.965653 6
3.875193 5.965653 7
4.875194 6.965653 8
5.875194 7.965653 9
6.875194 8.965652 10
7.875194 9.965652 11
8.875194 10.965652 12
9.875194 11.965652 13
10.875194 12.965652 14
11.875194 13.965652 15
12.875194 14.965652 16
-1.102974 0.934888 2
-0.102974 1.934888 3
0.897026 2.934888 4
1.897026 3.934888 5
2.897026 4.934888 6
3.897026 5.934888 7
4.897026 6.934888 8
5.897026 7.934888 9
6.897026 8.934888 10
7.897026 9.934888 11
8.897026 10.934888 12
9.897026 11.934888 13
10.897026 12.934888 14
11.897026 13.934888 15
12.897026 14.934888 16
-1.047774 0.894782 2
-0.047774 1.894783 3
0.952226 2.894783 4
1.952226 3.894783 5
2.952226 4.894783 6
3.952226 5.894783 7
4.952226 6.894783 8
5.952226 7.894783 9
6.952226 8.894782 10
7.952226 9.894782 11
8.952227 10.894782 12
9.952227 11.894782 13
10.952227 12.894782 14
11.952227 13.894782 15
12.952227 14.894782 16
-0.964141 0.845736 2
0.035859 1.845736 3
1.035859 2.845736 4
2.035859 3.845736 5
3.035859 4.845736 6
4.035859 5.845736 7
5.035859 6.845736 8
6.035859 7.845736 9
7.035859 8.845737 10
8.035859 9.845737 11
9.035859 10.845737 12
10.035859 11.845737 13
11.035859 12.845737 14
12.035859 13.845737 15
13.035859 14.845737 16
-0.858012 0.788240 2
0.141988 1.788240 3
1.141988 2.788240 4
2.141988 3.788240 5
3.141988 4.788239 6
4.141988 5.788239 7
5.141988 6.788239 8
6.141988 7.788239 9
7.141988 8.788239 10
8.141988 9.788239 11
9.141988 10.788239 12
10.141988 11.788239 13
11.141988 12.788239 14
12.141988 13.788239 15
13.141988 14.788239 16
-0.736061 0.722867 2
0.263939 1.722867 3
1.263939 2.722867 4
2.263939 3.722867 5
3.263939 4.722867 6
4.263939 5.722867 7
5.263939 6.722867 8
6.263939 7.722867 9
7.263939 8.722867 10
8.263939 9.722867 11
9.263939 10.722867 12
10.263939 11.722867 13
11.263939 12.722867 14
12.263939 13.722867 15
13.263939 14.722867 16
-0.605409 0.650272 2
0.394591 1.650272 3
1.394591 2.650272 4
2.394591 3.650272 5
3.394591 4.650272 6
4.394591 5.650272 7
5.394591 6.650272 8
6.394591 7.650272 9
7.394591 8.650272 10
8.394591 9.650272 11
9.394591 10.650272 12
10.394591 11.650272 13
11.394591 12.650272 14
12.394591 13.650272 15
13.394591 14.650272 16
-0.473317 0.571179 2
0.526683 1.571179 3
1.526683 2.571179 4
2.526683 3.571179 5
3.526683 4.571179 6
4.526683 5.571179 7
5.526683 6.571179 8
6.526683 7.571179 9
7.526683 8.571179 10
8.526683 9.571179 11
9.526683 10.571179 12
10.526683 11.571179 13
11.526683 12.571179 14
12.526683 13.571179 15
13.526683 14.571179 16
-0.346878 0.486380 2
0.653122 1.486380 3
1.653122 2.486380 4
2.653122 3.486380 5
3.653122 4.486380 6
4.653122 5.486380 7
5.653122 6.486380 8
6.653122 7.486380 9
7.653122 8.486380 10
8.653122 9.486380 11
9.653122 10.486380 12
10.653122 11.486380 13
11.653122 12.486380 14
12.653122 13.486380 15
13.653122 14.486380 16
-0.232713 0.396720 2
0.767286 1.396720 3
1.767287 2.396720 4
2.767287 3.396720 5
3.767287 4.396720 6
4.767286 5.396720 7
5.767286 6.396720 8
6.767286 7.396720 9
7.767286 8.396720 10
8.767286 9.396720 11
9.767286 10.396720 12
10.767286 11.396720 13
11.767286 12.396720 14
12.767286 13.396720 15
13.767286 14.396720 16
-0.136695 0.303097 2
0.863305 1.303097 3
1.863305 2.303097 4
2.863305 3.303097 5
3.863305 4.303097 6
4.863305 5.303097 7
5.863305 6.303097 8
6.863305 7.303097 9
7.863305 8.303097 10
8.863305 9.303097 11
9.863305 10.303097 12
10.863305 11.303097 13
11.863305 12.303097 14
12.863305 13.303097 15
13.863305 14.303097 16
-0.063697 0.206445 2
0.936303 1.206445 3
1.936303 2.206445 4
2.936303 3.206445 5
3.936303 4.206445 6
4.936303 5.206445 7
5.936303 6.206445 8
6.936303 7.206445 9
7.936303 8.206445 10
8.936303 9.206445 11
9.936303 10.206445 12
10.936303 11.206445 13
11.936303 12.206445 14
12.936303 13.206445 15
13.936303 14.206445 16
-0.017392 0.107731 2
0.982608 1.107731 3
1.982608 2.107731 4
2.982608 3.107731 5
3.982608 4.107730 6
4.982608 5.107730 7
5.982608 6.107730 8
6.982608 7.107730 9
7.982608 8.107731 10
8.982608 9.107731 11
9.982608 10.107731 12
10.982608 11.107731 13
11.982608 12.107731 14
12.982608 13.107731 15
13.982608 14.107731 16
-0.000095 0.007940 2
0.999905 1.007940 3
1.999905 2.007940 4
2.999905 3.007940 5
3.999905 4.007939 6
4.999906 5.007939 7
5.999906 6.007939 8
6.999906 7.007939 9
7.999906 8.007939 10
8.999906 9.007939 11
9.999906 10.007939 12
10.999906 11.007939 13
11.999906 12.007939 14
12.999906 13.007939 15
13.999906 14.007939 16
-0.012668 -0.091931 2
0.987332 0.908069 3
1.987332 1.908069 4
2.987332 2.908069 5
3.987332 3.908069 6
4.987332 4.908069 7
5.987332 5.908069 8
6.987332 6.908069 9
7.987332 7.908069 10
8.987332 8.908070 11
9.987332 9.908070 12
10.987332 10.908070 13
11.987332 11.908070 14
12.987332 12.908070 15
13.987332 13.908070 16
-0.054485 -0.190883 2
0.945515 0.809117 3
1.945515 1.809117 4
2.945515 2.809118 5
3.945515 3.809118 6
4.945515 4.809117 7
5.945515 5.809117 8
6.945515 6.809117 9
7.945515 7.809117 10
8.945515 8.809117 11
9.945515 9.809117 12
10.945515 10.809117 13
11.945515 11.809117 14
12.945515 12.809117 15
13.945515 13.809117 16
-0.123456 -0.287927 2
0.876544 0.712073 3
1.876544 1.712073 4
2.876544 2.712073 5
3.876544 3.712073 6
4.876544 4.712073 7
5.876544 5.712073 8
6.876544 6.712073 9
7.876544 7.712073 10
8.876544 8.712073 11
9.876544 9.712073 12
10.876544 10.712073 13
11.876544 11.712073 14
12.876544 12.712073 15
13.876544 13.712073 16
-0.216116 -0.382095 2
0.783884 0.617905 3
1.783884 1.617905 4
2.783884 2.617905 5
3.783884 3.617905 6
4.783884 4.617905 7
5.783884 5.617905 8
6.783884 6.617905 9
7.783884 7.617905 10
8.783884 8.617906 11
9.783884 9.617906 12
10.783884 10.617906 13
11.783884 11.617906 14
12.783884 12.617906 15
13.783884 13.617906 16
-0.327768 -0.472445 2
0.672232 0.527555 3
1.672232 1.527555 4
2.672232 2.527555 5
3.672232 3.527555 6
4.672232 4.527555 7
5.672232 5.527555 8
6.672232 6.527555 9
7.672232 7.527555 10
8.672232 8.527555 11
9.672232 9.527555 12
10.672232 10.527555 13
11.672232 11.527555 14
12.672232 12.527555 15
13.672232 13.527555 16
-0.452684 -0.558074 2
0.547316 0.441926 3
1.547316 1.441926 4
2.547316 2.441926 5
3.547316 3.441926 6
4.547316 4.441926 7
5.547316 5.441926 8
6.547316 6.441926 9
7.547316 7.441926 10
8.547316 8.441926 11
9.547316 9.441926 12
10.547316 10.441926 13
11.547316 11.441926 14
12.547316 12.441926 15
13.547316 13.441926 16
-0.584343 -0.638127 2
0.415657 0.361873 3
1.415657 1.361873 4
2.415657 2.361873 5
3.415657 3.361873 6
4.415657 4.361873 7
5.415657 5.361873 8
6.415657 6.361873 9
7.415657 7.361873 10
8.415657 8.361873 11
9.415657 9.361873 12
10.415657 10.361873 13
11.415657 11.361873 14
12.415657 12.361873 15
13.415657 13.361873 16
-0.715708 -0.711804 2
0.284292 0.288196 3
1.284292 1.288196 4
2.284292 2.288196 5
3.284292 3.288196 6
4.284292 4.288196 7
5.284292 5.288196 8
6.284292 6.288196 9
7.284292 7.288196 10
8.284292 8.288196 11
9.284292 9.288196 12
10.284292 10.288196 13
11.284292 11.288196 14
12.284292 12.288196 15
13.284292 13.288196 16
-0.839524 -0.778369 2
0.160476 0.221631 3
1.160476 1.221631 4
2.160476 2.221631 5
3.160476 3.221631 6
4.160476 4.221631 7
5.160476 5.221631 8
6.160476 6.221631 9
7.160476 7.221631 10
8.160476 8.221631 11
9.160476 9.221631 12
10.160476 10.221631 13
11.160476 11.221631 14
12.160476 12.221631 15
13.160476 13.221631 16
-0.948626 -0.837157 2
0.051374 0.162843 3
1.051374 1.162843 4
2.051374 2.162843 5
3.051374 3.162843 6
4.051374 4.162843 7
5.051374 5.162843 8
6.051374 6.162843 9
7.051374 7.162843 10
8.051374 8.162843 11
9.051374 9.162843 12
10.051374 10.162843 13
11.051374 11.162843 14
12.051374 12.162843 15
13.051374 13.162843 16
-1.036250 -0.887580 2
-0.036250 0.112420 3
0.963750 1.112420 4
1.963750 2.112420 5
2.963750 3.112420 6
3.963750 4.112420 7
4.963750 5.112420 8
5.963750 6.112420 9
6.963750 7.112420 10
7.963750 8.112420 11
8.963750 9.112420 12
9.963750 10.112420 13
10.963750 11.112420 14
11.963750 12.112420 15
12.963750 13.112420 16
-1.096324 -0.929134 2
-0.096324 0.070866 3
0.903676 1.070866 4
1.903676 2.070866 5
2.903676 3.070866 6
3.903676 4.070866 7
4.903677 5.070866 8
5.903677 6.070866 9
6.903677 7.070866 10
7.903677 8.070866 11
8.903676 9.070866 12
9.903676 10.070866 13
10.903676 11.070866 14
11.903676 12.070866 15
12.903676 13.070866 16
-1.123736 -0.961405 2
-0.123736 0.038595 3
0.876264 1.038595 4
1.876264 2.038595 5
2.876264 3.038595 6
3.876264 4.038595 7
4.876264 5.038595 8
5.876264 6.038595 9
6.876264 7.038595 10
7.876264 8.038594 11
8.876264 9.038594 12
9.876264 10.038594 13
10.876264 11.038594 14
11.876264 12.038594 15
12.876264 13.038594 16
-1.114569 -0.984070 2
-0.114569 0.015930 3
0.885431 1.015930 4
1.885431 2.015930 5
2.885431 3.015930 6
3.885431 4.015930 7
4.885431 5.015930 8
5.885431 6.015930 9
6.885431 7.015930 10
7.885431 8.015930 11
8.885431 9.015930 12
9.885431 10.015930 13
10.885431 11.015930 14
11.885431 12.015930 15
12.885431 13.015930 16
-1.066278 -0.996902 2
-0.066278 0.003098 3
0.933722 1.003098 4
1.933722 2.003098 5
2.933722 3.003098 6
3.933722 4.003098 7
4.933722 5.003098 8
5.933722 6.003098 9
6.933722 7.003098 10
7.933722 8.003098 11
8.933722 9.003098 12
9.933722 10.003098 13
10.933722 11.003098 14
11.933722 12.003098 15
12.933722 13.003098 16
-0.977827 -0.999774 2
0.022173 0.000226 3
1.022173 1.000226 4
2.022173 2.000226 5
3.022173 3.000226 6
4.022173 4.000226 7
5.022173 5.000226 8
6.022173 6.000226 9
7.022173 7.000226 10
8.022173 8.000226 11
9.022173 9.000226 12
10.022173 10.000226 13
11.022173 11.000226 14
12.022173 12.000226 15
13.022173 13.000226 16
-0.849757 -0.992656 2
0.150243 0.007344 3
1.150243 1.007344 4
2.150243 2.007344 5
3.150243 3.007344 6
4.150243 4.007344 7
5.150243 5.007344 8
6.150243 6.007344 9
7.150243 7.007344 10
8.150243 8.007344 11
9.150243 9.007344 12
10.150243 10.007344 13
11.150243 11.007344 14
12.150243 12.007344 15
13.150243 13.007344 16
-0.684196 -0.975619 2
0.315804 0.024381 3
1.315804 1.024381 4
2.315804 2.024381 5
3.315804 3.024381 6
4.315804 4.024381 7
5.315804 5.024381 8
6.315804 6.024381 9
7.315804 7.024381 10
8.315804 8.024381 11
9.315804 9.024381 12
10.315804 10.024381 13
11.315804 11.024381 14
12.315804 12.024381 15
13.315804 13.024381 16
-0.484802 -0.948835 2
0.515198 0.051165 3
1.515198 1.051165 4
2.515198 2.051165 5
3.515198 3.051165 6
4.515198 4.051165 7
5.515198 5.051165 8
6.515198 6.051165 9
7.515198 7.051165 10
8.515199 8.051166 11
9.515199 9.051166 12
10.515199 10.051166 13
11.515199 11.051166 14
12.515199 12.051166 15
13.515199 13.051166 16
-0.256645 -0.912570 2
0.743354 0.087430 3
1.743355 1.087430 4
2.743355 2.087430 5
3.743355 3.087430 6
4.743354 4.087430 7
5.743354 5.087430 8
6.743354 6.087430 9
7.743354 7.087430 10
8.743355 8.087430 11
9.743355 9.087430 12
10.743355 10.087430 13
11.743355 11.087430 14
12.743355 12.087430 15
13.743355 13.087430 16
-0.006041 -0.867186 2
0.993959 0.132814 3
1.993959 1.132814 4
2.993959 2.132814 5
3.993959 3.132814 6
4.993959 4.132813 7
5.993959 5.132813 8
6.993959 6.132813 9
7.993959 7.132813 10
8.993959 8.132813 11
9.993959 9.132813 12
10.993959 10.132813 13
11.993959 11.132813 14
12.993959 12.132813 15
13.993959 13.132813 16
0.259682 -0.813138 2
1.259682 0.186862 3
2.259682 1.186862 4
3.259682 2.186862 5
4.259682 3.186862 6
5.259682 4.186862 7
6.259682 5.186862 8
7.259682 6.186862 9
8.259682 7.186862 10
9.259682 8.186862 11
10.259682 9.186862 12
11.259682 10.186862 13
12.259682 11.186862 14
13.259682 12.186862 15
14.259682 13.186862 16
0.532442 -0.750966 2
1.532442 0.249034 3
2.532442 1.249034 4
3.532442 2.249034 5
4.532442 3.249034 6
5.532442 4.249034 7
6.532442 5.249034 8
7.532442 6.249034 9
8.532442 7.249034 10
9.532442 8.249034 11
10.532442 9.249034 12
11.532442 10.249034 13
12.532442 11.249034 14
13.532442 12.249034 15
14.532442 13.249034 16
0.803702 -0.681290 2
1.803702 0.318710 3
2.803702 1.318710 4
3.803702 2.318710 5
4.803702 3.318710 6
5.803702 4.318710 7
6.803702 5.318710 8
7.803702 6.318710 9
8.803702 7.318710 10
9.803702 8.318710 11
10.803702 9.318710 12
11.803702 10.318710 13
12.803702 11.318710 14
13.803702 12.318710 15
14.803702 13.318710 16
1.064791 -0.604806 2
2.064791 0.395194 3
3.064791 1.395194 4
4.064791 2.395194 5
5.064791 3.395194 6
6.064791 4.395194 7
7.064791 5.395194 8
8.064791 6.395194 9
9.064791 7.395194 10
10.064791 8.395194 11
11.064791 9.395194 12
12.064791 10.395194 13
13.064791 11.395194 14
14.064791 12.395194 15
15.064791 13.395194 16
1.307221 -0.522280 2
2.307221 0.477720 3
3.307221 1.477720 4
4.307221 2.477720 5
5.307221 3.477720 6
6.307221 4.477720 7
7.307221 5.477720 8
8.307221 6.477720 9
9.307221 7.477720 10
10.307221 8.477720 11
11.307221 9.477720 12
12.307221 10.477720 13
13.307221 11.477720 14
14.307221 12.477720 15
15.307221 13.477720 16
1.523013 -0.434535 2
2.523014 0.565465 3
3.523014 1.565465 4
4.523014 2.565465 5
5.523014 3.565465 6
6.523014 4.565465 7
7.523014 5.565465 8
8.523013 6.565465 9
9.523013 7.565465 10
10.523013 8.565465 11
11.523013 9.565465 12
12.523013 10.565465 13
13.523013 11.565465 14
14.523013 12.565465 15
15.523013 13.565465 16
1.704995 -0.342448 2
2.704995 0.657552 3
3.704995 1.657552 4
4.704995 2.657552 5
5.704995 3.657552 6
6.704995 4.657552 7
7.704995 5.657552 8
8.704995 6.657552 9
9.704995 7.657552 10
10.704995 8.657552 11
11.704995 9.657552 12
12.704995 10.657552 13
13.704995 11.657552 14
14.704995 12.657552 15
15.704995 13.657552 16
1.847072 -0.246940 2
2.847072 0.753060 3
3.847072 1.753060 4
4.847072 2.753060 5
5.847072 3.753060 6
6.847072 4.753060 7
7.847072 5.753060 8
8.847072 6.753060 9
9.847072 7.753060 10
10.847072 8.753060 11
11.847072 9.753060 12
12.847072 10.753060 13
13.847072 11.753060 14
14.847072 12.753060 15
15.847072 13.753060 16
1.944462 -0.148964 2
2.944462 0.851036 3
3.944462 1.851036 4
4.944462 2.851036 5
5.944462 3.851036 6
6.944462 4.851036 7
7.944462 5.851036 8
8.944462 6.851036 9
9.944462 7.851036 10
10.944462 8.851036 11
11.944462 9.851036 12
12.944462 10.851036 13
13.944462 11.851036 14
14.944462 12.851036 15
15.944462 13.851036 16
1.993874 -0.049500 2
2.993874 0.950500 3
3.993874 1.950500 4
4.993874 2.950500 5
5.993874 3.950500 6
6.993874 4.950500 7
7.993874 5.950500 8
8.993874 6.950500 9
9.993874 7.950500 10
10.993874 8.950500 11
11.993874 9.950500 12
12.993874 10.950500 13
13.993874 11.950500 14
14.993874 12.950500 15
15.993874 13.950500 16
1.993634 0.050459 2
2.993634 1.050459 3
3.993634 2.050458 4
4.993634 3.050458 5
5.993634 4.050458 6
6.993634 5.050458 7
7.993634 6.050458 8
8.993634 7.050458 9
9.993634 8.050459 10
10.993634 9.050459 11
11.993634 10.050459 12
12.993634 11.050459 13
13.993634 12.050459 14
14.993634 13.050459 15
15.993634 14.050459 16
1.943751 0.149913 2
2.943751 1.149913 3
3.943751 2.149913 4
4.943751 3.149913 5
5.943751 4.149913 6
6.943751 5.149913 7
7.943751 6.149913 8
8.943751 7.149913 9
9.943751 8.149913 10
10.943751 9.149913 11
11.943751 10.149913 12
12.943751 11.149913 13
13.943751 12.149913 14
14.943751 13.149913 15
15.943751 14.149913 16
1.845915 0.247870 2
2.845915 1.247870 3
3.845915 2.247870 4
4.845915 3.247870 5
5.845915 4.247869 6
6.845915 5.247869 7
7.845915 6.247869 8
8.845915 7.247869 9
9.845915 8.247869 10
10.845915 9.247869 11
11.845915 10.247869 12
12.845915 11.247869 13
13.845915 12.247869 14
14.845915 13.247869 15
15.845915 14.247869 16
1.703430 0.343350 2
2.703430 1.343350 3
3.703430 2.343350 4
4.703430 3.343350 5
5.703430 4.343349 6
6.703430 5.343349 7
7.703430 6.343349 8
8.703429 7.343349 9
9.703429 8.343349 10
10.703429 9.343349 11
11.703429 10.343349 12
12.703429 11.343349 13
13.703429 12.343349 14
14.703429 13.343349 15
15.703429 14.343349 16
1.521093 0.435399 2
2.521093 1.435399 3
3.521093 2.435399 4
4.521093 3.435399 5
5.521093 4.435399 6
6.521093 5.435399 7
7.521093 6.435399 8
8.521093 7.435399 9
9.521093 8.435399 10
10.521093 9.435399 11
11.521093 10.435399 12
12.521093 11.435399 13
13.521093 12.435399 14
14.521093 13.435399 15
15.521093 14.435399 16
1.305010 0.523098 2
2.305010 1.523098 3
3.305010 2.523098 4
4.305010 3.523098 5
5.305010 4.523098 6
6.305010 5.523098 7
7.305010 6.523098 8
8.305010 7.523098 9
9.305010 8.523098 10
10.305010 9.523098 11
11.305010 10.523098 12
12.305010 11.523098 13
13.305010 12.523098 14
14.305010 13.523098 15
15.305010 14.523098 16
1.062361 0.605570 2
2.062361 1.605570 3
3.062361 2.605570 4
4.062361 3.605570 5
5.062361 4.605570 6
6.062361 5.605570 7
7.062361 6.605570 8
8.062362 7.605570 9
9.062362 8.605570 10
10.062362 9.605570 11
11.062362 10.605570 12
12.062362 11.605570 13
13.062362 12.605570 14
14.062362 13.605570 15
15.062362 14.605570 16
0.801134 0.681992 2
1.801134 1.681992 3
2.801134 2.681992 4
3.801134 3.681992 5
4.801134 4.681992 6
5.801134 5.681992 7
6.801134 6.681992 8
7.801134 7.681992 9
8.801134 8.681992 10
9.801134 9.681992 11
10.801134 10.681992 12
11.801134 11.681992 13
12.801134 12.681992 14
13.801134 13.681992 15
14.801134 14.681992 16
0.529818 0.751599 2
1.529818 1.751599 3
2.529818 2.751599 4
3.529818 3.751599 5
4.529818 4.751599 6
5.529818 5.751599 7
6.529818 6.751599 8
7.529818 7.751599 9
8.529818 8.751599 10
9.529818 9.751599 11
10.529818 10.751599 12
11.529818 11.751599 13
12.529818 12.751599 14
13.529818 13.751599 15
14.529818 14.751599 16
0.257086 0.813697 2
1.257086 1.813697 3
2.257086 2.813697 4
3.257086 3.813697 5
4.257086 4.813696 6
5.257086 5.813696 7
6.257086 6.813696 8
7.257086 7.813696 9
8.257086 8.813697 10
9.257086 9.813697 11
10.257086 10.813697 12
11.257086 11.813697 13
12.257086 12.813697 14
13.257086 13.813697 15
14.257086 14.813697 16
-0.008530 0.867664 2
0.991470 1.867664 3
1.991470 2.867664 4
2.991470 3.867664 5
3.991470 4.867664 6
4.991470 5.867664 7
5.991470 6.867664 8
6.991470 7.867664 9
7.991470 8.867663 10
8.991470 9.867663 11
9.991470 10.867663 12
10.991470 11.867663 13
11.991470 12.867663 14
12.991470 13.867663 15
13.991470 14.867663 16
