2.000000 0.1
3.000000 0.15
4.000000 0.2
5.000000 0.25
6.000000 0.3
7.000000 0.35
8.000000 0.4
9.000000 0.45
10.000000 0.5
11.000000 0.55
12.000000 0.6
13.000000 0.65
14.000000 0.7
15.000000 0.75
16.000000 0.8

1.975071 0.1
2.975071 0.15
3.975071 0.2
4.975071 0.25
5.975071 0.3
6.975071 0.35
7.975071 0.4
8.975071 0.45
9.975071 0.5
10.975071 0.55
11.975071 0.6
12.975071 0.65
13.975071 0.7
14.975071 0.75
15.975071 0.8

1.901128 0.1
2.901128 0.15
3.901128 0.2
4.901127 0.25
5.901127 0.3
6.901127 0.35
7.901127 0.4
8.901128 0.45
9.901128 0.5
10.901128 0.55
11.901128 0.6
12.901128 0.65
13.901128 0.7
14.901128 0.75
15.901128 0.8

1.780672 0.1
2.780672 0.15
3.780672 0.2
4.780672 0.25
5.780672 0.3
6.780672 0.35
7.780672 0.4
8.780672 0.45
9.780672 0.5
10.780672 0.55
11.780672 0.6
12.780672 0.65
13.780672 0.7
14.780672 0.75
15.780672 0.8

1.617768 0.1
2.617768 0.15
3.617768 0.2
4.617768 0.25
5.617768 0.3
6.617768 0.35
7.617768 0.4
8.617767 0.45
9.617767 0.5
10.617767 0.55
11.617767 0.6
12.617767 0.65
13.617767 0.7
14.617767 0.75
15.617767 0.8

1.417885 0.1
2.417885 0.15
3.417885 0.2
4.417885 0.25
5.417885 0.3
6.417885 0.35
7.417885 0.4
8.417885 0.45
9.417885 0.5
10.417885 0.55
11.417885 0.6
12.417885 0.65
13.417885 0.7
14.417885 0.75
15.417885 0.8

1.187693 0.1
2.187693 0.15
3.187693 0.2
4.187693 0.25
5.187693 0.3
6.187693 0.35
7.187693 0.4
8.187694 0.45
9.187694 0.5
10.187694 0.55
11.187694 0.6
12.187694 0.65
13.187694 0.7
14.187694 0.75
15.187694 0.8

0.934809 0.1
1.934809 0.15
2.934809 0.2
3.934809 0.25
4.934809 0.3
5.934809 0.35
6.934809 0.4
7.934809 0.45
8.934809 0.5
9.934809 0.55
10.934809 0.6
11.934809 0.65
12.934809 0.7
13.934809 0.75
14.934809 0.8

0.667507 0.1
1.667507 0.15
2.667507 0.2
3.667507 0.25
4.667507 0.3
5.667507 0.35
6.667507 0.4
7.667507 0.45
8.667507 0.5
9.667507 0.55
10.667507 0.6
11.667507 0.65
12.667507 0.7
13.667507 0.75
14.667507 0.8

0.394408 0.1
1.394408 0.15
2.394408 0.2
3.394408 0.25
4.394408 0.3
5.394408 0.35
6.394408 0.4
7.394408 0.45
8.394407 0.5
9.394407 0.55
10.394407 0.6
11.394407 0.65
12.394407 0.7
13.394407 0.75
14.394407 0.8

0.124155 0.1
1.124155 0.15
2.124155 0.2
3.124155 0.25
4.124155 0.3
5.124155 0.35
6.124155 0.4
7.124155 0.45
8.124155 0.5
9.124155 0.55
10.124155 0.6
11.124155 0.65
12.124155 0.7
13.124155 0.75
14.124155 0.8

-0.134905 0.1
0.865095 0.15
1.865095 0.2
2.865095 0.25
3.865095 0.3
4.865095 0.35
5.865095 0.4
6.865095 0.45
7.865095 0.5
8.865094 0.55
9.865094 0.6
10.865094 0.65
11.865094 0.7
12.865094 0.75
13.865094 0.8

-0.375036 0.1
0.624964 0.15
1.624964 0.2
2.624964 0.25
3.624964 0.3
4.624964 0.35
5.624964 0.4
6.624964 0.45
7.624964 0.5
8.624964 0.55
9.624964 0.6
10.624964 0.65
11.624964 0.7
12.624964 0.75
13.624964 0.8

-0.589390 0.1
0.410610 0.15
1.410610 0.2
2.410610 0.25
3.410610 0.3
4.410610 0.35
5.410610 0.4
6.410610 0.45
7.410610 0.5
8.410609 0.55
9.410609 0.6
10.410609 0.65
11.410609 0.7
12.410609 0.75
13.410609 0.8

-0.772256 0.1
0.227744 0.15
1.227744 0.2
2.227744 0.25
3.227744 0.3
4.227745 0.35
5.227745 0.4
6.227745 0.45
7.227745 0.5
8.227744 0.55
9.227744 0.6
10.227744 0.65
11.227744 0.7
12.227744 0.75
13.227744 0.8

-0.919256 0.1
0.080744 0.15
1.080744 0.2
2.080745 0.25
3.080745 0.3
4.080744 0.35
5.080744 0.4
6.080744 0.45
7.080744 0.5
8.080745 0.55
9.080745 0.6
10.080745 0.65
11.080745 0.7
12.080745 0.75
13.080745 0.8

-1.027495 0.1
-0.027495 0.15
0.972505 0.2
1.972505 0.25
2.972506 0.3
3.972506 0.35
4.972506 0.4
5.972506 0.45
6.972506 0.5
7.972506 0.55
8.972506 0.6
9.972506 0.65
10.972506 0.7
11.972506 0.75
12.972506 0.8

-1.095643 0.1
-0.095643 0.15
0.904357 0.2
1.904357 0.25
2.904357 0.3
3.904357 0.35
4.904357 0.4
5.904357 0.45
6.904357 0.5
7.904357 0.55
8.904357 0.6
9.904357 0.65
10.904357 0.7
11.904357 0.75
12.904357 0.8

-1.123960 0.1
-0.123961 0.15
0.876039 0.2
1.876040 0.25
2.876040 0.3
3.876040 0.35
4.876040 0.4
5.876040 0.45
6.876040 0.5
7.876040 0.55
8.876040 0.6
9.876040 0.65
10.876040 0.7
11.876040 0.75
12.876040 0.8

-1.114257 0.1
-0.114257 0.15
0.885743 0.2
1.885743 0.25
2.885743 0.3
3.885743 0.35
4.885743 0.4
5.885743 0.45
6.885743 0.5
7.885743 0.55
8.885743 0.6
9.885743 0.65
10.885743 0.7
11.885743 0.75
12.885743 0.8

-1.069790 0.1
-0.069790 0.15
0.930210 0.2
1.930210 0.25
2.930210 0.3
3.930210 0.35
4.930210 0.4
5.930210 0.45
6.930210 0.5
7.930210 0.55
8.930210 0.6
9.930210 0.65
10.930210 0.7
11.930210 0.75
12.930210 0.8

-0.995107 0.1
0.004893 0.15
1.004893 0.2
2.004893 0.25
3.004893 0.3
4.004893 0.35
5.004893 0.4
6.004893 0.45
7.004893 0.5
8.004893 0.55
9.004893 0.6
10.004893 0.65
11.004893 0.7
12.004893 0.75
13.004893 0.8

-0.895834 0.1
0.104166 0.15
1.104166 0.2
2.104166 0.25
3.104166 0.3
4.104166 0.35
5.104166 0.4
6.104166 0.45
7.104166 0.5
8.104166 0.55
9.104166 0.6
10.104166 0.65
11.104166 0.7
12.104166 0.75
13.104166 0.8

-0.778429 0.1
0.221571 0.15
1.221571 0.2
2.221571 0.25
3.221571 0.3
4.221571 0.35
5.221571 0.4
6.221571 0.45
7.221571 0.5
8.221571 0.55
9.221571 0.6
10.221571 0.65
11.221571 0.7
12.221571 0.75
13.221571 0.8

-0.649895 0.1
0.350105 0.15
1.350105 0.2
2.350105 0.25
3.350105 0.3
4.350105 0.35
5.350105 0.4
6.350105 0.45
7.350105 0.5
8.350105 0.55
9.350105 0.6
10.350105 0.65
11.350105 0.7
12.350105 0.75
13.350105 0.8

-0.517482 0.1
0.482518 0.15
1.482518 0.2
2.482518 0.25
3.482518 0.3
4.482518 0.35
5.482518 0.4
6.482518 0.45
7.482518 0.5
8.482518 0.55
9.482518 0.6
10.482518 0.65
11.482518 0.7
12.482518 0.75
13.482518 0.8

-0.388373 0.1
0.611628 0.15
1.611627 0.2
2.611628 0.25
3.611628 0.3
4.611628 0.35
5.611628 0.4
6.611628 0.45
7.611628 0.5
8.611628 0.55
9.611628 0.6
10.611628 0.65
11.611628 0.7
12.611628 0.75
13.611628 0.8

-0.269380 0.1
0.730620 0.15
1.730620 0.2
2.730620 0.25
3.730620 0.3
4.730620 0.35
5.730620 0.4
6.730620 0.45
7.730620 0.5
8.730620 0.55
9.730620 0.6
10.730620 0.65
11.730620 0.7
12.730620 0.75
13.730620 0.8

-0.166657 0.1
0.833343 0.15
1.833343 0.2
2.833343 0.25
3.833343 0.3
4.833343 0.35
5.833343 0.4
6.833343 0.45
7.833343 0.5
8.833344 0.55
9.833344 0.6
10.833344 0.65
11.833344 0.7
12.833344 0.75
13.833344 0.8

-0.085439 0.1
0.914561 0.15
1.914561 0.2
2.914561 0.25
3.914561 0.3
4.914561 0.35
5.914561 0.4
6.914561 0.45
7.914561 0.5
8.914561 0.55
9.914561 0.6
10.914561 0.65
11.914561 0.7
12.914561 0.75
13.914561 0.8

-0.029823 0.1
0.970177 0.15
1.970178 0.2
2.970177 0.25
3.970177 0.3
4.970178 0.35
5.970178 0.4
6.970178 0.45
7.970178 0.5
8.970178 0.55
9.970178 0.6
10.970178 0.65
11.970178 0.7
12.970178 0.75
13.970178 0.8

-0.002593 0.1
0.997407 0.15
1.997407 0.2
2.997407 0.25
3.997407 0.3
4.997407 0.35
5.997407 0.4
6.997407 0.45
7.997407 0.5
8.997407 0.55
9.997407 0.6
10.997407 0.65
11.997407 0.7
12.997407 0.75
13.997407 0.8

-0.005110 0.1
0.994890 0.15
1.994890 0.2
2.994890 0.25
3.994890 0.3
4.994890 0.35
5.994890 0.4
6.994890 0.45
7.994890 0.5
8.994890 0.55
9.994890 0.6
10.994890 0.65
11.994890 0.7
12.994890 0.75
13.994890 0.8

-0.037247 0.1
0.962753 0.15
1.962753 0.2
2.962753 0.25
3.962753 0.3
4.962753 0.35
5.962753 0.4
6.962753 0.45
7.962753 0.5
8.962753 0.55
9.962753 0.6
10.962753 0.65
11.962753 0.7
12.962753 0.75
13.962753 0.8

-0.097400 0.1
0.902600 0.15
1.902600 0.2
2.902600 0.25
3.902600 0.3
4.902600 0.35
5.902600 0.4
6.902600 0.45
7.902600 0.5
8.902600 0.55
9.902600 0.6
10.902600 0.65
11.902600 0.7
12.902600 0.75
13.902600 0.8

-0.182553 0.1
0.817447 0.15
1.817447 0.2
2.817447 0.25
3.817447 0.3
4.817447 0.35
5.817447 0.4
6.817447 0.45
7.817447 0.5
8.817447 0.55
9.817447 0.6
10.817447 0.65
11.817447 0.7
12.817447 0.75
13.817447 0.8

-0.288406 0.1
0.711594 0.15
1.711594 0.2
2.711594 0.25
3.711594 0.3
4.711595 0.35
5.711595 0.4
6.711595 0.45
7.711595 0.5
8.711595 0.55
9.711595 0.6
10.711595 0.65
11.711595 0.7
12.711595 0.75
13.711595 0.8

-0.409551 0.1
0.590449 0.15
1.590449 0.2
2.590449 0.25
3.590449 0.3
4.590449 0.35
5.590449 0.4
6.590449 0.45
7.590449 0.5
8.590449 0.55
9.590449 0.6
10.590449 0.65
11.590449 0.7
12.590449 0.75
13.590449 0.8

-0.539706 0.1
0.460294 0.15
1.460294 0.2
2.460294 0.25
3.460294 0.3
4.460294 0.35
5.460294 0.4
6.460294 0.45
7.460294 0.5
8.460294 0.55
9.460294 0.6
10.460294 0.65
11.460294 0.7
12.460294 0.75
13.460294 0.8

-0.671975 0.1
0.328025 0.15
1.328025 0.2
2.328025 0.25
3.328025 0.3
4.328025 0.35
5.328025 0.4
6.328025 0.45
7.328025 0.5
8.328025 0.55
9.328025 0.6
10.328025 0.65
11.328025 0.7
12.328025 0.75
13.328025 0.8

-0.799142 0.1
0.200858 0.15
1.200858 0.2
2.200858 0.25
3.200858 0.3
4.200859 0.35
5.200859 0.4
6.200859 0.45
7.200859 0.5
8.200858 0.55
9.200858 0.6
10.200858 0.65
11.200858 0.7
12.200858 0.75
13.200858 0.8

-0.913977 0.1
0.086023 0.15
1.086023 0.2
2.086023 0.25
3.086023 0.3
4.086023 0.35
5.086023 0.4
6.086023 0.45
7.086023 0.5
8.086022 0.55
9.086022 0.6
10.086022 0.65
11.086022 0.7
12.086022 0.75
13.086022 0.8

-1.009548 0.1
-0.009548 0.15
0.990452 0.2
1.990452 0.25
2.990452 0.3
3.990452 0.35
4.990452 0.4
5.990452 0.45
6.990452 0.5
7.990452 0.55
8.990452 0.6
9.990452 0.65
10.990452 0.7
11.990452 0.75
12.990452 0.8

-1.079518 0.1
-0.079518 0.15
0.920482 0.2
1.920482 0.25
2.920482 0.3
3.920482 0.35
4.920482 0.4
5.920482 0.45
6.920482 0.5
7.920482 0.55
8.920482 0.6
9.920482 0.65
10.920482 0.7
11.920482 0.75
12.920482 0.8

-1.118425 0.1
-0.118425 0.15
0.881575 0.2
1.881575 0.25
2.881574 0.3
3.881574 0.35
4.881575 0.4
5.881575 0.45
6.881575 0.5
7.881575 0.55
8.881575 0.6
9.881575 0.65
10.881575 0.7
11.881575 0.75
12.881575 0.8

-1.121926 0.1
-0.121926 0.15
0.878074 0.2
1.878074 0.25
2.878074 0.3
3.878074 0.35
4.878074 0.4
5.878074 0.45
6.878074 0.5
7.878074 0.55
8.878074 0.6
9.878074 0.65
10.878074 0.7
11.878074 0.75
12.878074 0.8

-1.086997 0.1
-0.086997 0.15
0.913003 0.2
1.913003 0.25
2.913003 0.3
3.913003 0.35
4.913003 0.4
5.913003 0.45
6.913003 0.5
7.913003 0.55
8.913003 0.6
9.913003 0.65
10.913003 0.7
11.913003 0.75
12.913003 0.8

-1.012084 0.1
-0.012084 0.15
0.987916 0.2
1.987916 0.25
2.987916 0.3
3.987916 0.35
4.987916 0.4
5.987916 0.45
6.987916 0.5
7.987916 0.55
8.987916 0.6
9.987916 0.65
10.987916 0.7
11.987916 0.75
12.987916 0.8

-0.897192 0.1
0.102808 0.15
1.102808 0.2
2.102808 0.25
3.102808 0.3
4.102808 0.35
5.102808 0.4
6.102808 0.45
7.102808 0.5
8.102808 0.55
9.102808 0.6
10.102808 0.65
11.102808 0.7
12.102808 0.75
13.102808 0.8

-0.743918 0.1
0.256082 0.15
1.256082 0.2
2.256082 0.25
3.256082 0.3
4.256082 0.35
5.256082 0.4
6.256082 0.45
7.256082 0.5
8.256083 0.55
9.256083 0.6
10.256083 0.65
11.256083 0.7
12.256083 0.75
13.256083 0.8

-0.555414 0.1
0.444586 0.15
1.444586 0.2
2.444586 0.25
3.444586 0.3
4.444586 0.35
5.444586 0.4
6.444586 0.45
7.444586 0.5
8.444586 0.55
9.444586 0.6
10.444586 0.65
11.444586 0.7
12.444586 0.75
13.444586 0.8

-0.336294 0.1
0.663706 0.15
1.663706 0.2
2.663706 0.25
3.663706 0.3
4.663706 0.35
5.663706 0.4
6.663706 0.45
7.663706 0.5
8.663707 0.55
9.663707 0.6
10.663707 0.65
11.663707 0.7
12.663707 0.75
13.663707 0.8

-0.092474 0.1
0.907526 0.15
1.907526 0.2
2.907526 0.25
3.907526 0.3
4.907526 0.35
5.907526 0.4
6.907526 0.45
7.907526 0.5
8.907526 0.55
9.907526 0.6
10.907526 0.65
11.907526 0.7
12.907526 0.75
13.907526 0.8

0.169029 0.1
1.169029 0.15
2.169029 0.2
3.169029 0.25
4.169029 0.3
5.169029 0.35
6.169029 0.4
7.169029 0.45
8.169029 0.5
9.169029 0.55
10.169029 0.6
11.169029 0.65
12.169029 0.7
13.169029 0.75
14.169029 0.8

0.440355 0.1
1.440355 0.15
2.440355 0.2
3.440355 0.25
4.440355 0.3
5.440355 0.35
6.440355 0.4
7.440355 0.45
8.440355 0.5
9.440355 0.55
10.440355 0.6
11.440355 0.65
12.440355 0.7
13.440355 0.75
14.440355 0.8

0.713088 0.1
1.713088 0.15
2.713088 0.2
3.713088 0.25
4.713088 0.3
5.713088 0.35
6.713088 0.4
7.713088 0.45
8.713088 0.5
9.713088 0.55
10.713088 0.6
11.713088 0.65
12.713088 0.7
13.713088 0.75
14.713088 0.8

0.978563 0.1
1.978563 0.15
2.978563 0.2
3.978563 0.25
4.978563 0.3
5.978563 0.35
6.978563 0.4
7.978563 0.45
8.978563 0.5
9.978563 0.55
10.978563 0.6
11.978563 0.65
12.978563 0.7
13.978563 0.75
14.978563 0.8

1.228196 0.1
2.228196 0.15
3.228196 0.2
4.228196 0.25
5.228196 0.3
6.228196 0.35
7.228196 0.4
8.228196 0.45
9.228196 0.5
10.228196 0.55
11.228196 0.6
12.228196 0.65
13.228196 0.7
14.228196 0.75
15.228196 0.8

1.453802 0.1
2.453803 0.15
3.453803 0.2
4.453803 0.25
5.453803 0.3
6.453803 0.35
7.453803 0.4
8.453802 0.45
9.453802 0.5
10.453802 0.55
11.453802 0.6
12.453802 0.65
13.453802 0.7
14.453802 0.75
15.453802 0.8

1.647905 0.1
2.647905 0.15
3.647905 0.2
4.647905 0.25
5.647905 0.3
6.647905 0.35
7.647905 0.4
8.647905 0.45
9.647905 0.5
10.647905 0.55
11.647905 0.6
12.647905 0.65
13.647905 0.7
14.647905 0.75
15.647905 0.8

1.804020 0.1
2.804020 0.15
3.804020 0.2
4.804020 0.25
5.804020 0.3
6.804020 0.35
7.804020 0.4
8.804020 0.45
9.804020 0.5
10.804020 0.55
11.804020 0.6
12.804020 0.65
13.804020 0.7
14.804020 0.75
15.804020 0.8

1.916899 0.1
2.916899 0.15
3.916899 0.2
4.916899 0.25
5.916899 0.3
6.916899 0.35
7.916899 0.4
8.916899 0.45
9.916899 0.5
10.916899 0.55
11.916899 0.6
12.916899 0.65
13.916899 0.7
14.916899 0.75
15.916899 0.8

1.982733 0.1
2.982733 0.15
3.982733 0.2
4.982733 0.25
5.982733 0.3
6.982733 0.35
7.982733 0.4
8.982733 0.45
9.982733 0.5
10.982733 0.55
11.982733 0.6
12.982733 0.65
13.982733 0.7
14.982733 0.75
15.982733 0.8

1.999294 0.1
2.999294 0.15
3.999294 0.2
4.999293 0.25
5.999293 0.3
6.999293 0.35
7.999293 0.4
8.999293 0.45
9.999293 0.5
10.999293 0.55
11.999293 0.6
12.999293 0.65
13.999293 0.7
14.999293 0.75
15.999293 0.8

1.966020 0.1
2.966020 0.15
3.966020 0.2
4.966020 0.25
5.966020 0.3
6.966020 0.35
7.966020 0.4
8.966020 0.45
9.966020 0.5
10.966020 0.55
11.966020 0.6
12.966020 0.65
13.966020 0.7
14.966020 0.75
15.966020 0.8

1.884038 0.1
2.884038 0.15
3.884038 0.2
4.884038 0.25
5.884038 0.3
6.884038 0.35
7.884038 0.4
8.884038 0.45
9.884038 0.5
10.884038 0.55
11.884038 0.6
12.884038 0.65
13.884038 0.7
14.884038 0.75
15.884038 0.8

1.756122 0.1
2.756122 0.15
3.756122 0.2
4.756123 0.25
5.756123 0.3
6.756123 0.35
7.756123 0.4
8.756123 0.45
9.756123 0.5
10.756123 0.55
11.756123 0.6
12.756123 0.65
13.756123 0.7
14.756123 0.75
15.756123 0.8

1.586584 0.1
2.586584 0.15
3.586584 0.2
4.586584 0.25
5.586584 0.3
6.586584 0.35
7.586584 0.4
8.586584 0.45
9.586584 0.5
10.586584 0.55
11.586584 0.6
12.586584 0.65
13.586584 0.7
14.586584 0.75
15.586584 0.8

1.381111 0.1
2.381111 0.15
3.381111 0.2
4.381111 0.25
5.381111 0.3
6.381111 0.35
7.381111 0.4
8.381110 0.45
9.381110 0.5
10.381110 0.55
11.381110 0.6
12.381110 0.65
13.381110 0.7
14.381110 0.75
15.381110 0.8

1.146550 0.1
2.146550 0.15
3.146550 0.2
4.146550 0.25
5.146550 0.3
6.146550 0.35
7.146550 0.4
8.146550 0.45
9.146550 0.5
10.146550 0.55
11.146550 0.6
12.146550 0.65
13.146550 0.7
14.146550 0.75
15.146550 0.8

0.890651 0.1
1.890651 0.15
2.890651 0.2
3.890651 0.25
4.890651 0.3
5.890651 0.35
6.890651 0.4
7.890651 0.45
8.890651 0.5
9.890651 0.55
10.890651 0.6
11.890651 0.65
12.890651 0.7
13.890651 0.75
14.890651 0.8

0.621767 0.1
1.621767 0.15
2.621767 0.2
3.621767 0.25
4.621767 0.3
5.621767 0.35
6.621767 0.4
7.621767 0.45
8.621767 0.5
9.621767 0.55
10.621767 0.6
11.621767 0.65
12.621767 0.7
13.621767 0.75
14.621767 0.8

0.348546 0.1
1.348546 0.15
2.348546 0.2
3.348546 0.25
4.348546 0.3
5.348546 0.35
6.348546 0.4
7.348546 0.45
8.348546 0.5
9.348546 0.55
10.348546 0.6
11.348546 0.65
12.348546 0.7
13.348546 0.75
14.348546 0.8

0.079605 0.1
1.079605 0.15
2.079605 0.2
3.079605 0.25
4.079605 0.3
5.079605 0.35
6.079605 0.4
7.079605 0.45
8.079605 0.5
9.079605 0.55
10.079605 0.6
11.079605 0.65
12.079605 0.7
13.079605 0.75
14.079605 0.8

-0.176794 0.1
0.823206 0.15
1.823206 0.2
2.823206 0.25
3.823206 0.3
4.823206 0.35
5.823206 0.4
6.823206 0.45
7.823206 0.5
8.823206 0.55
9.823206 0.6
10.823206 0.65
11.823206 0.7
12.823206 0.75
13.823206 0.8

-0.413042 0.1
0.586958 0.15
1.586958 0.2
2.586958 0.25
3.586958 0.3
4.586958 0.35
5.586958 0.4
6.586958 0.45
7.586958 0.5
8.586958 0.55
9.586958 0.6
10.586958 0.65
11.586958 0.7
12.586958 0.75
13.586958 0.8

-0.622468 0.1
0.377532 0.15
1.377532 0.2
2.377532 0.25
3.377532 0.3
4.377532 0.35
5.377532 0.4
6.377532 0.45
7.377532 0.5
8.377532 0.55
9.377532 0.6
10.377532 0.65
11.377532 0.7
12.377532 0.75
13.377532 0.8

-0.799571 0.1
0.200429 0.15
1.200429 0.2
2.200429 0.25
3.200429 0.3
4.200429 0.35
5.200429 0.4
6.200429 0.45
7.200429 0.5
8.200429 0.55
9.200429 0.6
10.200429 0.65
11.200429 0.7
12.200429 0.75
13.200429 0.8

-0.940216 0.1
0.059784 0.15
1.059784 0.2
2.059784 0.25
3.059784 0.3
4.059784 0.35
5.059784 0.4
6.059784 0.45
7.059784 0.5
8.059784 0.55
9.059784 0.6
10.059784 0.65
11.059784 0.7
12.059784 0.75
13.059784 0.8

-1.041766 0.1
-0.041766 0.15
0.958234 0.2
1.958234 0.25
2.958235 0.3
3.958235 0.35
4.958234 0.4
5.958234 0.45
6.958234 0.5
7.958234 0.55
8.958235 0.6
9.958235 0.65
10.958235 0.7
11.958235 0.75
12.958235 0.8

-1.103157 0.1
-0.103157 0.15
0.896843 0.2
1.896843 0.25
2.896843 0.3
3.896843 0.35
4.896842 0.4
5.896842 0.45
6.896842 0.5
7.896842 0.55
8.896843 0.6
9.896843 0.65
10.896843 0.7
11.896843 0.75
12.896843 0.8

-1.124917 0.1
-0.124917 0.15
0.875084 0.2
1.875083 0.25
2.875083 0.3
3.875083 0.35
4.875083 0.4
5.875083 0.45
6.875083 0.5
7.875083 0.55
8.875084 0.6
9.875084 0.65
10.875084 0.7
11.875084 0.75
12.875084 0.8

-1.109105 0.1
-0.109104 0.15
0.890895 0.2
1.890895 0.25
2.890896 0.3
3.890896 0.35
4.890895 0.4
5.890895 0.45
6.890895 0.5
7.890895 0.55
8.890896 0.6
9.890896 0.65
10.890896 0.7
11.890896 0.75
12.890896 0.8

-1.059208 0.1
-0.059208 0.15
0.940792 0.2
1.940792 0.25
2.940792 0.3
3.940792 0.35
4.940792 0.4
5.940792 0.45
6.940792 0.5
7.940792 0.55
8.940792 0.6
9.940792 0.65
10.940792 0.7
11.940792 0.75
12.940792 0.8

-0.979971 0.1
0.020029 0.15
1.020029 0.2
2.020029 0.25
3.020029 0.3
4.020029 0.35
5.020029 0.4
6.020029 0.45
7.020029 0.5
8.020029 0.55
9.020029 0.6
10.020029 0.65
11.020029 0.7
12.020029 0.75
13.020029 0.8

-0.877180 0.1
0.122820 0.15
1.122820 0.2
2.122820 0.25
3.122820 0.3
4.122820 0.35
5.122820 0.4
6.122820 0.45
7.122820 0.5
8.122821 0.55
9.122821 0.6
10.122821 0.65
11.122821 0.7
12.122821 0.75
13.122821 0.8

-0.757403 0.1
0.242597 0.15
1.242597 0.2
2.242597 0.25
3.242597 0.3
4.242598 0.35
5.242598 0.4
6.242598 0.45
7.242598 0.5
8.242598 0.55
9.242598 0.6
10.242598 0.65
11.242598 0.7
12.242598 0.75
13.242598 0.8

-0.627707 0.1
0.372293 0.15
1.372293 0.2
2.372293 0.25
3.372293 0.3
4.372293 0.35
5.372293 0.4
6.372293 0.45
7.372293 0.5
8.372293 0.55
9.372293 0.6
10.372293 0.65
11.372293 0.7
12.372293 0.75
13.372293 0.8

-0.495353 0.1
0.504647 0.15
1.504647 0.2
2.504647 0.25
3.504647 0.3
4.504647 0.35
5.504647 0.4
6.504647 0.45
7.504647 0.5
8.504647 0.55
9.504647 0.6
10.504647 0.65
11.504647 0.7
12.504647 0.75
13.504647 0.8

-0.367482 0.1
0.632518 0.15
1.632518 0.2
2.632518 0.25
3.632518 0.3
4.632518 0.35
5.632518 0.4
6.632518 0.45
7.632518 0.5
8.632518 0.55
9.632518 0.6
10.632518 0.65
11.632518 0.7
12.632518 0.75
13.632518 0.8

-0.250816 0.1
0.749184 0.15
1.749184 0.2
2.749184 0.25
3.749184 0.3
4.749184 0.35
5.749184 0.4
6.749184 0.45
7.749184 0.5
8.749185 0.55
9.749185 0.6
10.749185 0.65
11.749185 0.7
12.749185 0.75
13.749185 0.8

-0.151370 0.1
0.848630 0.15
1.848629 0.2
2.848629 0.25
3.848629 0.3
4.848629 0.35
5.848629 0.4
6.848629 0.45
7.848629 0.5
8.848630 0.55
9.848630 0.6
10.848630 0.65
11.848630 0.7
12.848630 0.75
13.848630 0.8

-0.074204 0.1
0.925796 0.15
1.925796 0.2
2.925796 0.25
3.925796 0.3
4.925796 0.35
5.925796 0.4
6.925796 0.45
7.925796 0.5
8.925796 0.55
9.925796 0.6
10.925796 0.65
11.925796 0.7
12.925796 0.75
13.925796 0.8

-0.023203 0.1
0.976797 0.15
1.976797 0.2
2.976797 0.25
3.976797 0.3
4.976797 0.35
5.976797 0.4
6.976797 0.45
7.976797 0.5
8.976796 0.55
9.976796 0.6
10.976796 0.65
11.976796 0.7
12.976796 0.75
13.976796 0.8

-0.000921 0.1
0.999079 0.15
1.999079 0.2
2.999079 0.25
3.999079 0.3
4.999079 0.35
5.999079 0.4
6.999079 0.45
7.999079 0.5
8.999080 0.55
9.999080 0.6
10.999080 0.65
11.999080 0.7
12.999080 0.75
13.999080 0.8

-0.008468 0.1
0.991532 0.15
1.991532 0.2
2.991533 0.25
3.991533 0.3
4.991532 0.35
5.991532 0.4
6.991532 0.45
7.991532 0.5
8.991532 0.55
9.991532 0.6
10.991532 0.65
11.991532 0.7
12.991532 0.75
13.991532 0.8

-0.045468 0.1
0.954532 0.15
1.954532 0.2
2.954532 0.25
3.954532 0.3
4.954532 0.35
5.954532 0.4
6.954532 0.45
7.954532 0.5
8.954533 0.55
9.954533 0.6
10.954533 0.65
11.954533 0.7
12.954533 0.75
13.954533 0.8

-0.110073 0.1
0.889927 0.15
1.889927 0.2
2.889927 0.25
3.889927 0.3
4.889927 0.35
5.889927 0.4
6.889927 0.45
7.889927 0.5
8.889927 0.55
9.889927 0.6
10.889927 0.65
11.889927 0.7
12.889927 0.75
13.889927 0.8

-0.199041 0.1
0.800959 0.15
1.800959 0.2
2.800959 0.25
3.800959 0.3
4.800959 0.35
5.800959 0.4
6.800959 0.45
7.800959 0.5
8.800959 0.55
9.800959 0.6
10.800959 0.65
11.800959 0.7
12.800959 0.75
13.800959 0.8

-0.307871 0.1
0.692129 0.15
1.692129 0.2
2.692129 0.25
3.692129 0.3
4.692129 0.35
5.692129 0.4
6.692129 0.45
7.692129 0.5
8.692129 0.55
9.692129 0.6
10.692129 0.65
11.692129 0.7
12.692129 0.75
13.692129 0.8

-0.430992 0.1
0.569008 0.15
1.569008 0.2
2.569008 0.25
3.569008 0.3
4.569008 0.35
5.569008 0.4
6.569008 0.45
7.569008 0.5
8.569008 0.55
9.569008 0.6
10.569008 0.65
11.569008 0.7
12.569008 0.75
13.569008 0.8

-0.561998 0.1
0.438002 0.15
1.438002 0.2
2.438002 0.25
3.438002 0.3
4.438002 0.35
5.438002 0.4
6.438002 0.45
7.438002 0.5
8.438003 0.55
9.438003 0.6
10.438003 0.65
11.438003 0.7
12.438003 0.75
13.438003 0.8

-0.693918 0.1
0.306082 0.15
1.306082 0.2
2.306082 0.25
3.306082 0.3
4.306082 0.35
5.306082 0.4
6.306082 0.45
7.306082 0.5
8.306082 0.55
9.306082 0.6
10.306082 0.65
11.306082 0.7
12.306082 0.75
13.306082 0.8

-0.819513 0.1
0.180487 0.15
1.180487 0.2
2.180487 0.25
3.180487 0.3
4.180487 0.35
5.180487 0.4
6.180487 0.45
7.180487 0.5
8.180487 0.55
9.180487 0.6
10.180487 0.65
11.180487 0.7
12.180487 0.75
13.180487 0.8

-0.931581 0.1
0.068419 0.15
1.068419 0.2
2.068419 0.25
3.068419 0.3
4.068419 0.35
5.068419 0.4
6.068419 0.45
7.068419 0.5
8.068419 0.55
9.068419 0.6
10.068419 0.65
11.068419 0.7
12.068419 0.75
13.068419 0.8

-1.023269 0.1
-0.023269 0.15
0.976731 0.2
1.976731 0.25
2.976731 0.3
3.976731 0.35
4.976731 0.4
5.976731 0.45
6.976731 0.5
7.976731 0.55
8.976730 0.6
9.976730 0.65
10.976730 0.7
11.976730 0.75
12.976730 0.8

-1.088369 0.1
-0.088369 0.15
0.911631 0.2
1.911631 0.25
2.911631 0.3
3.911631 0.35
4.911631 0.4
5.911631 0.45
6.911631 0.5
7.911631 0.55
8.911631 0.6
9.911631 0.65
10.911631 0.7
11.911631 0.75
12.911631 0.8

-1.121591 0.1
-0.121591 0.15
0.878409 0.2
1.878409 0.25
2.878409 0.3
3.878409 0.35
4.878409 0.4
5.878409 0.45
6.878409 0.5
7.878409 0.55
8.878408 0.6
9.878408 0.65
10.878408 0.7
11.878408 0.75
12.878408 0.8

-1.118801 0.1
-0.118801 0.15
0.881199 0.2
1.881199 0.25
2.881199 0.3
3.881199 0.35
4.881199 0.4
5.881199 0.45
6.881199 0.5
7.881199 0.55
8.881200 0.6
9.881200 0.65
10.881200 0.7
11.881200 0.75
12.881200 0.8

-1.077212 0.1
-0.077212 0.15
0.922788 0.2
1.922788 0.25
2.922788 0.3
3.922788 0.35
4.922788 0.4
5.922788 0.45
6.922788 0.5
7.922788 0.55
8.922788 0.6
9.922788 0.65
10.922788 0.7
11.922788 0.75
12.922788 0.8

-0.995529 0.1
0.004471 0.15
1.004471 0.2
2.004471 0.25
3.004471 0.3
4.004471 0.35
5.004471 0.4
6.004471 0.45
7.004471 0.5
8.004471 0.55
9.004471 0.6
10.004471 0.65
11.004471 0.7
12.004471 0.75
13.004471 0.8

-0.874025 0.1
0.125975 0.15
1.125975 0.2
2.125975 0.25
3.125975 0.3
4.125975 0.35
5.125975 0.4
6.125975 0.45
7.125975 0.5
8.125975 0.55
9.125975 0.6
10.125975 0.65
11.125975 0.7
12.125975 0.75
13.125975 0.8

-0.714562 0.1
0.285438 0.15
1.285438 0.2
2.285438 0.25
3.285438 0.3
4.285439 0.35
5.285439 0.4
6.285439 0.45
7.285439 0.5
8.285439 0.55
9.285439 0.6
10.285439 0.65
11.285439 0.7
12.285439 0.75
13.285439 0.8

-0.520546 0.1
0.479454 0.15
1.479454 0.2
2.479454 0.25
3.479454 0.3
4.479455 0.35
5.479455 0.4
6.479455 0.45
7.479455 0.5
8.479454 0.55
9.479454 0.6
10.479454 0.65
11.479454 0.7
12.479454 0.75
13.479454 0.8

-0.296822 0.1
0.703178 0.15
1.703178 0.2
2.703178 0.25
3.703178 0.3
4.703178 0.35
5.703178 0.4
6.703178 0.45
7.703178 0.5
8.703178 0.55
9.703178 0.6
10.703178 0.65
11.703178 0.7
12.703178 0.75
13.703178 0.8

-0.049509 0.1
0.950491 0.15
1.950491 0.2
2.950491 0.25
3.950491 0.3
4.950491 0.35
5.950491 0.4
6.950491 0.45
7.950491 0.5
8.950491 0.55
9.950491 0.6
10.950491 0.65
11.950491 0.7
12.950491 0.75
13.950491 0.8

0.214217 0.1
1.214217 0.15
2.214217 0.2
3.214217 0.25
4.214217 0.3
5.214217 0.35
6.214217 0.4
7.214217 0.45
8.214217 0.5
9.214217 0.55
10.214217 0.6
11.214217 0.65
12.214217 0.7
13.214217 0.75
14.214217 0.8

0.486381 0.1
1.486381 0.15
2.486381 0.2
3.486381 0.25
4.486382 0.3
5.486382 0.35
6.486382 0.4
7.486382 0.45
8.486382 0.5
9.486382 0.55
10.486382 0.6
11.486382 0.65
12.486382 0.7
13.486382 0.75
14.486382 0.8

0.758502 0.1
1.758502 0.15
2.758502 0.2
3.758502 0.25
4.758502 0.3
5.758502 0.35
6.758502 0.4
7.758502 0.45
8.758502 0.5
9.758502 0.55
10.758502 0.6
11.758502 0.65
12.758502 0.7
13.758502 0.75
14.758502 0.8

1.021907 0.1
2.021907 0.15
3.021907 0.2
4.021907 0.25
5.021907 0.3
6.021907 0.35
7.021907 0.4
8.021907 0.45
9.021907 0.5
10.021907 0.55
11.021907 0.6
12.021907 0.65
13.021907 0.7
14.021907 0.75
15.021907 0.8

1.268055 0.1
2.268055 0.15
3.268055 0.2
4.268055 0.25
5.268055 0.3
6.268055 0.35
7.268055 0.4
8.268055 0.45
9.268055 0.5
10.268055 0.55
11.268055 0.6
12.268055 0.65
13.268055 0.7
14.268055 0.75
15.268055 0.8

1.488861 0.1
2.488861 0.15
3.488861 0.2
4.488861 0.25
5.488861 0.3
6.488861 0.35
7.488861 0.4
8.488861 0.45
9.488861 0.5
10.488861 0.55
11.488861 0.6
12.488861 0.65
13.488861 0.7
14.488861 0.75
15.488861 0.8

1.676995 0.1
2.676995 0.15
3.676995 0.2
4.676995 0.25
5.676995 0.3
6.676995 0.35
7.676995 0.4
8.676994 0.45
9.676994 0.5
10.676994 0.55
11.676994 0.6
12.676994 0.65
13.676994 0.7
14.676994 0.75
15.676994 0.8

1.826164 0.1
2.826164 0.15
3.826164 0.2
4.826164 0.25
5.826164 0.3
6.826164 0.35
7.826164 0.4
8.826164 0.45
9.826164 0.5
10.826164 0.55
11.826164 0.6
12.826164 0.65
13.826164 0.7
14.826164 0.75
15.826164 0.8

1.931352 0.1
2.931352 0.15
3.931352 0.2
4.931352 0.25
5.931352 0.3
6.931352 0.35
7.931352 0.4
8.931352 0.45
9.931352 0.5
10.931352 0.55
11.931352 0.6
12.931352 0.65
13.931352 0.7
14.931352 0.75
15.931352 0.8

1.989005 0.1
2.989005 0.15
3.989005 0.2
4.989005 0.25
5.989005 0.3
6.989005 0.35
7.989005 0.4
8.989005 0.45
9.989005 0.5
10.989005 0.55
11.989005 0.6
12.989005 0.65
13.989005 0.7
14.989005 0.75
15.989005 0.8

1.997172 0.1
2.997172 0.15
3.997172 0.2
4.997171 0.25
5.997171 0.3
6.997171 0.35
7.997171 0.4
8.997171 0.45
9.997171 0.5
10.997171 0.55
11.997171 0.6
12.997171 0.65
13.997171 0.7
14.997171 0.75
15.997171 0.8

1.955575 0.1
2.955575 0.15
3.955575 0.2
4.955575 0.25
5.955575 0.3
6.955575 0.35
7.955575 0.4
8.955575 0.45
9.955575 0.5
10.955575 0.55
11.955575 0.6
12.955575 0.65
13.955575 0.7
14.955575 0.75
15.955575 0.8

1.865625 0.1
2.865625 0.15
3.865625 0.2
4.865625 0.25
5.865625 0.3
6.865625 0.35
7.865625 0.4
8.865624 0.45
9.865624 0.5
10.865624 0.55
11.865624 0.6
12.865624 0.65
13.865624 0.7
14.865624 0.75
15.865624 0.8

1.730361 0.1
2.730361 0.15
3.730361 0.2
4.730361 0.25
5.730361 0.3
6.730361 0.35
7.730361 0.4
8.730361 0.45
9.730361 0.5
10.730361 0.55
11.730361 0.6
12.730361 0.65
13.730361 0.7
14.730361 0.75
15.730361 0.8

1.554340 0.1
2.554340 0.15
3.554340 0.2
4.554340 0.25
5.554340 0.3
6.554340 0.35
7.554340 0.4
8.554340 0.45
9.554340 0.5
10.554340 0.55
11.554340 0.6
12.554340 0.65
13.554340 0.7
14.554340 0.75
15.554340 0.8

1.343463 0.1
2.343463 0.15
3.343463 0.2
4.343462 0.25
5.343462 0.3
6.343462 0.35
7.343462 0.4
8.343463 0.45
9.343463 0.5
10.343463 0.55
11.343463 0.6
12.343463 0.65
13.343463 0.7
14.343463 0.75
15.343463 0.8

1.104747 0.1
2.104747 0.15
3.104747 0.2
4.104746 0.25
5.104746 0.3
6.104746 0.35
7.104746 0.4
8.104747 0.45
9.104747 0.5
10.104747 0.55
11.104747 0.6
12.104747 0.65
13.104747 0.7
14.104747 0.75
15.104747 0.8

0.846063 0.1
1.846063 0.15
2.846063 0.2
3.846063 0.25
4.846063 0.3
5.846063 0.35
6.846063 0.4
7.846063 0.45
8.846064 0.5
9.846064 0.55
10.846064 0.6
11.846064 0.65
12.846064 0.7
13.846064 0.75
14.846064 0.8

0.575840 0.1
1.575840 0.15
2.575840 0.2
3.575840 0.25
4.575840 0.3
5.575840 0.35
6.575840 0.4
7.575840 0.45
8.575840 0.5
9.575840 0.55
10.575840 0.6
11.575840 0.65
12.575840 0.7
13.575840 0.75
14.575840 0.8

0.302740 0.1
1.302740 0.15
2.302740 0.2
3.302740 0.25
4.302741 0.3
5.302741 0.35
6.302741 0.4
7.302741 0.45
8.302740 0.5
9.302740 0.55
10.302740 0.6
11.302740 0.65
12.302740 0.7
13.302740 0.75
14.302740 0.8

0.035345 0.1
1.035345 0.15
2.035345 0.2
3.035345 0.25
4.035345 0.3
5.035345 0.35
6.035345 0.4
7.035345 0.45
8.035345 0.5
9.035345 0.55
10.035345 0.6
11.035345 0.65
12.035345 0.7
13.035345 0.75
14.035345 0.8

-0.218173 0.1
0.781827 0.15
1.781827 0.2
2.781827 0.25
3.781827 0.3
4.781827 0.35
5.781827 0.4
6.781827 0.45
7.781827 0.5
8.781828 0.55
9.781828 0.6
10.781828 0.65
11.781828 0.7
12.781828 0.75
13.781828 0.8

-0.450344 0.1
0.549656 0.15
1.549656 0.2
2.549656 0.25
3.549656 0.3
4.549656 0.35
5.549656 0.4
6.549656 0.45
7.549656 0.5
8.549656 0.55
9.549656 0.6
10.549656 0.65
11.549656 0.7
12.549656 0.75
13.549656 0.8

-0.654679 0.1
0.345321 0.15
1.345321 0.2
2.345321 0.25
3.345321 0.3
4.345321 0.35
5.345321 0.4
6.345321 0.45
7.345321 0.5
8.345321 0.55
9.345321 0.6
10.345321 0.65
11.345321 0.7
12.345321 0.75
13.345321 0.8

-0.825895 0.1
0.174105 0.15
1.174105 0.2
2.174105 0.25
3.174105 0.3
4.174105 0.35
5.174105 0.4
6.174105 0.45
7.174105 0.5
8.174105 0.55
9.174105 0.6
10.174105 0.65
11.174105 0.7
12.174105 0.75
13.174105 0.8

-0.960100 0.1
0.039900 0.15
1.039900 0.2
2.039900 0.25
3.039900 0.3
4.039900 0.35
5.039900 0.4
6.039900 0.45
7.039900 0.5
8.039900 0.55
9.039900 0.6
10.039900 0.65
11.039900 0.7
12.039900 0.75
13.039900 0.8

-1.054919 0.1
-0.054920 0.15
0.945080 0.2
1.945081 0.25
2.945081 0.3
3.945081 0.35
4.945080 0.4
5.945080 0.45
6.945080 0.5
7.945080 0.55
8.945081 0.6
9.945081 0.65
10.945081 0.7
11.945081 0.75
12.945081 0.8

-1.109559 0.1
-0.109559 0.15
0.890441 0.2
1.890441 0.25
2.890441 0.3
3.890441 0.35
4.890441 0.4
5.890441 0.45
6.890441 0.5
7.890441 0.55
8.890441 0.6
9.890441 0.65
10.890441 0.7
11.890441 0.75
12.890441 0.8

-1.124807 0.1
-0.124807 0.15
0.875193 0.2
1.875193 0.25
2.875193 0.3
3.875193 0.35
4.875194 0.4
5.875194 0.45
6.875194 0.5
7.875194 0.55
8.875194 0.6
9.875194 0.65
10.875194 0.7
11.875194 0.75
12.875194 0.8

-1.102974 0.1
-0.102974 0.15
0.897026 0.2
1.897026 0.25
2.897026 0.3
3.897026 0.35
4.897026 0.4
5.897026 0.45
6.897026 0.5
7.897026 0.55
8.897026 0.6
9.897026 0.65
10.897026 0.7
11.897026 0.75
12.897026 0.8

-1.047774 0.1
-0.047774 0.15
0.952226 0.2
1.952226 0.25
2.952226 0.3
3.952226 0.35
4.952226 0.4
5.952226 0.45
6.952226 0.5
7.952226 0.55
8.952227 0.6
9.952227 0.65
10.952227 0.7
11.952227 0.75
12.952227 0.8

-0.964141 0.1
0.035859 0.15
1.035859 0.2
2.035859 0.25
3.035859 0.3
4.035859 0.35
5.035859 0.4
6.035859 0.45
7.035859 0.5
8.035859 0.55
9.035859 0.6
10.035859 0.65
11.035859 0.7
12.035859 0.75
13.035859 0.8

-0.858012 0.1
0.141988 0.15
1.141988 0.2
2.141988 0.25
3.141988 0.3
4.141988 0.35
5.141988 0.4
6.141988 0.45
7.141988 0.5
8.141988 0.55
9.141988 0.6
10.141988 0.65
11.141988 0.7
12.141988 0.75
13.141988 0.8

-0.736061 0.1
0.263939 0.15
1.263939 0.2
2.263939 0.25
3.263939 0.3
4.263939 0.35
5.263939 0.4
6.263939 0.45
7.263939 0.5
8.263939 0.55
9.263939 0.6
10.263939 0.65
11.263939 0.7
12.263939 0.75
13.263939 0.8

-0.605409 0.1
0.394591 0.15
1.394591 0.2
2.394591 0.25
3.394591 0.3
4.394591 0.35
5.394591 0.4
6.394591 0.45
7.394591 0.5
8.394591 0.55
9.394591 0.6
10.394591 0.65
11.394591 0.7
12.394591 0.75
13.394591 0.8

-0.473317 0.1
0.526683 0.15
1.526683 0.2
2.526683 0.25
3.526683 0.3
4.526683 0.35
5.526683 0.4
6.526683 0.45
7.526683 0.5
8.526683 0.55
9.526683 0.6
10.526683 0.65
11.526683 0.7
12.526683 0.75
13.526683 0.8

-0.346878 0.1
0.653122 0.15
1.653122 0.2
2.653122 0.25
3.653122 0.3
4.653122 0.35
5.653122 0.4
6.653122 0.45
7.653122 0.5
8.653122 0.55
9.653122 0.6
10.653122 0.65
11.653122 0.7
12.653122 0.75
13.653122 0.8

-0.232713 0.1
0.767286 0.15
1.767287 0.2
2.767287 0.25
3.767287 0.3
4.767286 0.35
5.767286 0.4
6.767286 0.45
7.767286 0.5
8.767286 0.55
9.767286 0.6
10.767286 0.65
11.767286 0.7
12.767286 0.75
13.767286 0.8

-0.136695 0.1
0.863305 0.15
1.863305 0.2
2.863305 0.25
3.863305 0.3
4.863305 0.35
5.863305 0.4
6.863305 0.45
7.863305 0.5
8.863305 0.55
9.863305 0.6
10.863305 0.65
11.863305 0.7
12.863305 0.75
13.863305 0.8

-0.063697 0.1
0.936303 0.15
1.936303 0.2
2.936303 0.25
3.936303 0.3
4.936303 0.35
5.936303 0.4
6.936303 0.45
7.936303 0.5
8.936303 0.55
9.936303 0.6
10.936303 0.65
11.936303 0.7
12.936303 0.75
13.936303 0.8

-0.017392 0.1
0.982608 0.15
1.982608 0.2
2.982608 0.25
3.982608 0.3
4.982608 0.35
5.982608 0.4
6.982608 0.45
7.982608 0.5
8.982608 0.55
9.982608 0.6
10.982608 0.65
11.982608 0.7
12.982608 0.75
13.982608 0.8

-0.000095 0.1
0.999905 0.15
1.999905 0.2
2.999905 0.25
3.999905 0.3
4.999906 0.35
5.999906 0.4
6.999906 0.45
7.999906 0.5
8.999906 0.55
9.999906 0.6
10.999906 0.65
11.999906 0.7
12.999906 0.75
13.999906 0.8

-0.012668 0.1
0.987332 0.15
1.987332 0.2
2.987332 0.25
3.987332 0.3
4.987332 0.35
5.987332 0.4
6.987332 0.45
7.987332 0.5
8.987332 0.55
9.987332 0.6
10.987332 0.65
11.987332 0.7
12.987332 0.75
13.987332 0.8

-0.054485 0.1
0.945515 0.15
1.945515 0.2
2.945515 0.25
3.945515 0.3
4.945515 0.35
5.945515 0.4
6.945515 0.45
7.945515 0.5
8.945515 0.55
9.945515 0.6
10.945515 0.65
11.945515 0.7
12.945515 0.75
13.945515 0.8

-0.123456 0.1
0.876544 0.15
1.876544 0.2
2.876544 0.25
3.876544 0.3
4.876544 0.35
5.876544 0.4
6.876544 0.45
7.876544 0.5
8.876544 0.55
9.876544 0.6
10.876544 0.65
11.876544 0.7
12.876544 0.75
13.876544 0.8

-0.216116 0.1
0.783884 0.15
1.783884 0.2
2.783884 0.25
3.783884 0.3
4.783884 0.35
5.783884 0.4
6.783884 0.45
7.783884 0.5
8.783884 0.55
9.783884 0.6
10.783884 0.65
11.783884 0.7
12.783884 0.75
13.783884 0.8

-0.327768 0.1
0.672232 0.15
1.672232 0.2
2.672232 0.25
3.672232 0.3
4.672232 0.35
5.672232 0.4
6.672232 0.45
7.672232 0.5
8.672232 0.55
9.672232 0.6
10.672232 0.65
11.672232 0.7
12.672232 0.75
13.672232 0.8

-0.452684 0.1
0.547316 0.15
1.547316 0.2
2.547316 0.25
3.547316 0.3
4.547316 0.35
5.547316 0.4
6.547316 0.45
7.547316 0.5
8.547316 0.55
9.547316 0.6
10.547316 0.65
11.547316 0.7
12.547316 0.75
13.547316 0.8

-0.584343 0.1
0.415657 0.15
1.415657 0.2
2.415657 0.25
3.415657 0.3
4.415657 0.35
5.415657 0.4
6.415657 0.45
7.415657 0.5
8.415657 0.55
9.415657 0.6
10.415657 0.65
11.415657 0.7
12.415657 0.75
13.415657 0.8

-0.715708 0.1
0.284292 0.15
1.284292 0.2
2.284292 0.25
3.284292 0.3
4.284292 0.35
5.284292 0.4
6.284292 0.45
7.284292 0.5
8.284292 0.55
9.284292 0.6
10.284292 0.65
11.284292 0.7
12.284292 0.75
13.284292 0.8

-0.839524 0.1
0.160476 0.15
1.160476 0.2
2.160476 0.25
3.160476 0.3
4.160476 0.35
5.160476 0.4
6.160476 0.45
7.160476 0.5
8.160476 0.55
9.160476 0.6
10.160476 0.65
11.160476 0.7
12.160476 0.75
13.160476 0.8

-0.948626 0.1
0.051374 0.15
1.051374 0.2
2.051374 0.25
3.051374 0.3
4.051374 0.35
5.051374 0.4
6.051374 0.45
7.051374 0.5
8.051374 0.55
9.051374 0.6
10.051374 0.65
11.051374 0.7
12.051374 0.75
13.051374 0.8

-1.036250 0.1
-0.036250 0.15
0.963750 0.2
1.963750 0.25
2.963750 0.3
3.963750 0.35
4.963750 0.4
5.963750 0.45
6.963750 0.5
7.963750 0.55
8.963750 0.6
9.963750 0.65
10.963750 0.7
11.963750 0.75
12.963750 0.8

-1.096324 0.1
-0.096324 0.15
0.903676 0.2
1.903676 0.25
2.903676 0.3
3.903676 0.35
4.903677 0.4
5.903677 0.45
6.903677 0.5
7.903677 0.55
8.903676 0.6
9.903676 0.65
10.903676 0.7
11.903676 0.75
12.903676 0.8

-1.123736 0.1
-0.123736 0.15
0.876264 0.2
1.876264 0.25
2.876264 0.3
3.876264 0.35
4.876264 0.4
5.876264 0.45
6.876264 0.5
7.876264 0.55
8.876264 0.6
9.876264 0.65
10.876264 0.7
11.876264 0.75
12.876264 0.8

-1.114569 0.1
-0.114569 0.15
0.885431 0.2
1.885431 0.25
2.885431 0.3
3.885431 0.35
4.885431 0.4
5.885431 0.45
6.885431 0.5
7.885431 0.55
8.885431 0.6
9.885431 0.65
10.885431 0.7
11.885431 0.75
12.885431 0.8

-1.066278 0.1
-0.066278 0.15
0.933722 0.2
1.933722 0.25
2.933722 0.3
3.933722 0.35
4.933722 0.4
5.933722 0.45
6.933722 0.5
7.933722 0.55
8.933722 0.6
9.933722 0.65
10.933722 0.7
11.933722 0.75
12.933722 0.8

-0.977827 0.1
0.022173 0.15
1.022173 0.2
2.022173 0.25
3.022173 0.3
4.022173 0.35
5.022173 0.4
6.022173 0.45
7.022173 0.5
8.022173 0.55
9.022173 0.6
10.022173 0.65
11.022173 0.7
12.022173 0.75
13.022173 0.8

-0.849757 0.1
0.150243 0.15
1.150243 0.2
2.150243 0.25
3.150243 0.3
4.150243 0.35
5.150243 0.4
6.150243 0.45
7.150243 0.5
8.150243 0.55
9.150243 0.6
10.150243 0.65
11.150243 0.7
12.150243 0.75
13.150243 0.8

-0.684196 0.1
0.315804 0.15
1.315804 0.2
2.315804 0.25
3.315804 0.3
4.315804 0.35
5.315804 0.4
6.315804 0.45
7.315804 0.5
8.315804 0.55
9.315804 0.6
10.315804 0.65
11.315804 0.7
12.315804 0.75
13.315804 0.8

-0.484802 0.1
0.515198 0.15
1.515198 0.2
2.515198 0.25
3.515198 0.3
4.515198 0.35
5.515198 0.4
6.515198 0.45
7.515198 0.5
8.515199 0.55
9.515199 0.6
10.515199 0.65
11.515199 0.7
12.515199 0.75
13.515199 0.8

-0.256645 0.1
0.743354 0.15
1.743355 0.2
2.743355 0.25
3.743355 0.3
4.743354 0.35
5.743354 0.4
6.743354 0.45
7.743354 0.5
8.743355 0.55
9.743355 0.6
10.743355 0.65
11.743355 0.7
12.743355 0.75
13.743355 0.8

-0.006041 0.1
0.993959 0.15
1.993959 0.2
2.993959 0.25
3.993959 0.3
4.993959 0.35
5.993959 0.4
6.993959 0.45
7.993959 0.5
8.993959 0.55
9.993959 0.6
10.993959 0.65
11.993959 0.7
12.993959 0.75
13.993959 0.8

0.259682 0.1
1.259682 0.15
2.259682 0.2
3.259682 0.25
4.259682 0.3
5.259682 0.35
6.259682 0.4
7.259682 0.45
8.259682 0.5
9.259682 0.55
10.259682 0.6
11.259682 0.65
12.259682 0.7
13.259682 0.75
14.259682 0.8

0.532442 0.1
1.532442 0.15
2.532442 0.2
3.532442 0.25
4.532442 0.3
5.532442 0.35
6.532442 0.4
7.532442 0.45
8.532442 0.5
9.532442 0.55
10.532442 0.6
11.532442 0.65
12.532442 0.7
13.532442 0.75
14.532442 0.8

0.803702 0.1
1.803702 0.15
2.803702 0.2
3.803702 0.25
4.803702 0.3
5.803702 0.35
6.803702 0.4
7.803702 0.45
8.803702 0.5
9.803702 0.55
10.803702 0.6
11.803702 0.65
12.803702 0.7
13.803702 0.75
14.803702 0.8

1.064791 0.1
2.064791 0.15
3.064791 0.2
4.064791 0.25
5.064791 0.3
6.064791 0.35
7.064791 0.4
8.064791 0.45
9.064791 0.5
10.064791 0.55
11.064791 0.6
12.064791 0.65
13.064791 0.7
14.064791 0.75
15.064791 0.8

1.307221 0.1
2.307221 0.15
3.307221 0.2
4.307221 0.25
5.307221 0.3
6.307221 0.35
7.307221 0.4
8.307221 0.45
9.307221 0.5
10.307221 0.55
11.307221 0.6
12.307221 0.65
13.307221 0.7
14.307221 0.75
15.307221 0.8

1.523013 0.1
2.523014 0.15
3.523014 0.2
4.523014 0.25
5.523014 0.3
6.523014 0.35
7.523014 0.4
8.523013 0.45
9.523013 0.5
10.523013 0.55
11.523013 0.6
12.523013 0.65
13.523013 0.7
14.523013 0.75
15.523013 0.8

1.704995 0.1
2.704995 0.15
3.704995 0.2
4.704995 0.25
5.704995 0.3
6.704995 0.35
7.704995 0.4
8.704995 0.45
9.704995 0.5
10.704995 0.55
11.704995 0.6
12.704995 0.65
13.704995 0.7
14.704995 0.75
15.704995 0.8

1.847072 0.1
2.847072 0.15
3.847072 0.2
4.847072 0.25
5.847072 0.3
6.847072 0.35
7.847072 0.4
8.847072 0.45
9.847072 0.5
10.847072 0.55
11.847072 0.6
12.847072 0.65
13.847072 0.7
14.847072 0.75
15.847072 0.8

1.944462 0.1
2.944462 0.15
3.944462 0.2
4.944462 0.25
5.944462 0.3
6.944462 0.35
7.944462 0.4
8.944462 0.45
9.944462 0.5
10.944462 0.55
11.944462 0.6
12.944462 0.65
13.944462 0.7
14.944462 0.75
15.944462 0.8

1.993874 0.1
2.993874 0.15
3.993874 0.2
4.993874 0.25
5.993874 0.3
6.993874 0.35
7.993874 0.4
8.993874 0.45
9.993874 0.5
10.993874 0.55
11.993874 0.6
12.993874 0.65
13.993874 0.7
14.993874 0.75
15.993874 0.8

1.993634 0.1
2.993634 0.15
3.993634 0.2
4.993634 0.25
5.993634 0.3
6.993634 0.35
7.993634 0.4
8.993634 0.45
9.993634 0.5
10.993634 0.55
11.993634 0.6
12.993634 0.65
13.993634 0.7
14.993634 0.75
15.993634 0.8

1.943751 0.1
2.943751 0.15
3.943751 0.2
4.943751 0.25
5.943751 0.3
6.943751 0.35
7.943751 0.4
8.943751 0.45
9.943751 0.5
10.943751 0.55
11.943751 0.6
12.943751 0.65
13.943751 0.7
14.943751 0.75
15.943751 0.8

1.845915 0.1
2.845915 0.15
3.845915 0.2
4.845915 0.25
5.845915 0.3
6.845915 0.35
7.845915 0.4
8.845915 0.45
9.845915 0.5
10.845915 0.55
11.845915 0.6
12.845915 0.65
13.845915 0.7
14.845915 0.75
15.845915 0.8

1.703430 0.1
2.703430 0.15
3.703430 0.2
4.703430 0.25
5.703430 0.3
6.703430 0.35
7.703430 0.4
8.703429 0.45
9.703429 0.5
10.703429 0.55
11.703429 0.6
12.703429 0.65
13.703429 0.7
14.703429 0.75
15.703429 0.8

1.521093 0.1
2.521093 0.15
3.521093 0.2
4.521093 0.25
5.521093 0.3
6.521093 0.35
7.521093 0.4
8.521093 0.45
9.521093 0.5
10.521093 0.55
11.521093 0.6
12.521093 0.65
13.521093 0.7
14.521093 0.75
15.521093 0.8

1.305010 0.1
2.305010 0.15
3.305010 0.2
4.305010 0.25
5.305010 0.3
6.305010 0.35
7.305010 0.4
8.305010 0.45
9.305010 0.5
10.305010 0.55
11.305010 0.6
12.305010 0.65
13.305010 0.7
14.305010 0.75
15.305010 0.8

1.062361 0.1
2.062361 0.15
3.062361 0.2
4.062361 0.25
5.062361 0.3
6.062361 0.35
7.062361 0.4
8.062362 0.45
9.062362 0.5
10.062362 0.55
11.062362 0.6
12.062362 0.65
13.062362 0.7
14.062362 0.75
15.062362 0.8

0.801134 0.1
1.801134 0.15
2.801134 0.2
3.801134 0.25
4.801134 0.3
5.801134 0.35
6.801134 0.4
7.801134 0.45
8.801134 0.5
9.801134 0.55
10.801134 0.6
11.801134 0.65
12.801134 0.7
13.801134 0.75
14.801134 0.8

0.529818 0.1
1.529818 0.15
2.529818 0.2
3.529818 0.25
4.529818 0.3
5.529818 0.35
6.529818 0.4
7.529818 0.45
8.529818 0.5
9.529818 0.55
10.529818 0.6
11.529818 0.65
12.529818 0.7
13.529818 0.75
14.529818 0.8

0.257086 0.1
1.257086 0.15
2.257086 0.2
3.257086 0.25
4.257086 0.3
5.257086 0.35
6.257086 0.4
7.257086 0.45
8.257086 0.5
9.257086 0.55
10.257086 0.6
11.257086 0.65
12.257086 0.7
13.257086 0.75
14.257086 0.8

-0.008530 0.1
0.991470 0.15
1.991470 0.2
2.991470 0.25
3.991470 0.3
4.991470 0.35
5.991470 0.4
6.991470 0.45
7.991470 0.5
8.991470 0.55
9.991470 0.6
10.991470 0.65
11.991470 0.7
12.991470 0.75
13.991470 0.8

